[[[ 2.55987421e-03 -8.42143036e-03  1.89957507e-02 -9.82717611e-05  3.52036720e-03 -3.71045172e-02 -1.46200240e-03  2.28405092e-03  3.65838408e-03  5.14569104e-01  8.40177201e-03 -6.85229525e-03
   -5.76416729e-04  1.39412545e-02  4.85356664e-03  7.72829261e-03 -7.85922748e-05 -1.77467559e-02 -4.52105962e-02 -2.17556744e-03  1.81597425e-04 -7.39164185e-03  3.01748008e-01  2.46988367e-02
   -3.10822739e-03 -6.91699097e-05  9.31988657e-03 -2.13495269e-02  2.77630351e-02 -8.15789914e-04  1.34888338e-03  3.67923379e-02 -6.94849156e-03 -3.49017791e-04  1.73124894e-02  9.95573282e-01
   -3.11575700e-02 -3.17228399e-03  1.54611189e-06  1.17199570e-02 -7.68689346e-03  1.83817763e-02 -1.86011312e-05  5.71633922e-04 -3.10224928e-02 -1.90943514e-03  2.30412744e-03  1.59395039e-02
    5.77610373e-01  8.43374804e-03 -6.70257956e-03 -5.03734802e-04  1.03880623e-02 -4.83517814e-03  8.50357115e-03  2.97685619e-06  1.73072144e-02 -4.80617732e-02 -2.49176379e-03  3.00840475e-06
   -9.80879553e-03  2.25563496e-01  2.45099105e-02 -3.49985855e-03 -5.05224452e-05  1.46909058e-02 -1.62442774e-02  2.79889666e-02 -6.38436293e-04 -3.11117107e-03  3.84617373e-02 -6.35243068e-03
   -2.38511711e-06  1.70282610e-02  1.02772391e+00 -3.03418748e-02 -3.29297036e-03 -5.29501121e-05  8.41766596e-03 -8.88224877e-03  1.90089326e-02  4.40549047e-05  8.00309144e-03 -3.24929021e-02
   -1.04604941e-03  2.27214466e-03  4.89402227e-02  5.84923625e-01  8.40156339e-03 -6.96413964e-03 -5.13599545e-04  6.65716175e-03  4.57220105e-03  8.12844653e-03  4.28768224e-04 -4.17695101e-03
   -4.91215363e-02 -2.44289357e-03  2.59324443e-05 -2.70304661e-02  1.22865543e-01  2.42569335e-02 -2.98672030e-03 -4.95673157e-05  1.09198615e-02 -2.54282281e-02  2.90695112e-02 -7.21309567e-04
   -3.61103006e-03  3.69035527e-02 -7.41983205e-03 -3.63818370e-04  1.41085684e-02  9.86050904e-01 -3.11509836e-02 -3.41357104e-03 -2.30087899e-05]
  [ 1.58292465e-02 -6.21628761e-03 -7.53210334e-04 -4.63317847e-04  1.84730347e-03 -4.34849374e-02 -5.18797431e-04 -2.57652695e-03  4.55467775e-03  6.62684500e-01  8.18202272e-03  4.07900661e-04
   -4.44048492e-04  1.48759838e-02  7.22200237e-03 -8.16444750e-04 -4.65360470e-04 -1.45041393e-02 -5.97998239e-02 -3.08883726e-03 -3.22195003e-04 -1.89504176e-02  4.89114881e-01  1.63394939e-02
    1.10140014e-02 -1.16931624e-05  8.52059200e-03 -1.63918100e-02  1.10110501e-03 -1.33166811e-03  5.07522607e-03  5.47206178e-02 -5.41462749e-03  8.81244428e-04  3.03580686e-02  1.17558980e+00
   -2.11927891e-02 -1.06750987e-03  1.41728541e-03  1.03631057e-02 -6.96926564e-03 -5.18094748e-05 -5.50540804e-04 -3.28093627e-03 -3.37863043e-02 -1.00141251e-03 -2.39104615e-03  1.59128904e-02
    7.51743495e-01  8.06768145e-03  6.13212585e-04 -3.61975457e-04  9.46887396e-03 -9.59786121e-03 -3.87489243e-04 -1.22519210e-04  1.22653618e-02 -6.09339401e-02 -3.63048515e-03 -1.64061785e-04
   -2.24812627e-02  4.16841507e-01  1.55772073e-02  1.03339497e-02 -6.24451786e-07  1.86354034e-02 -1.27395913e-02  9.54666175e-04 -1.22585008e-03  1.04136439e-03  6.23962060e-02 -4.77954745e-03
    1.49046164e-03  3.38650420e-02  1.19264340e+00 -1.91944260e-02 -1.27360784e-03  1.38927484e-03  1.31632276e-02 -8.36517476e-03 -6.30464870e-04 -4.85448109e-04  7.83500634e-03 -3.69561240e-02
   -1.86176971e-04 -2.47613387e-03  2.61395387e-02  7.60438681e-01  8.07166100e-03  2.25890428e-04 -3.82795144e-04  1.29445624e-02  6.77463831e-03 -6.41442079e-04  3.29467934e-04 -3.76082677e-03
   -6.19069934e-02 -3.55056068e-03 -3.65542946e-04 -1.96661204e-02  3.10576260e-01  1.43613946e-02  1.12598948e-02  1.10448455e-05  1.32161900e-02 -2.06818171e-02  1.08048914e-03 -1.41112460e-03
   -9.84777324e-03  6.13880605e-02 -4.74121142e-03  9.33860429e-04  3.02195735e-02  1.15719736e+00 -2.15984751e-02 -1.42029673e-03  1.46707962e-03]
  [ 1.55377865e-01  3.06297466e-03 -3.50634509e-04  8.90005962e-04  3.14773712e-03 -2.39691827e-02  1.42487697e-03 -6.17702911e-03  7.14246929e-03  5.66488028e-01  1.02781784e-02  9.02421772e-04
   -1.14412105e-03  1.64861098e-01 -9.90040600e-04 -3.39494494e-04  7.76708592e-04 -2.93739103e-02 -3.79097722e-02 -4.99064848e-03 -5.67263225e-04 -4.72005717e-02  5.88214934e-01  2.03219112e-02
    1.37233939e-02  2.07434758e-04  9.17871147e-02 -3.29286605e-02  7.17279676e-04 -1.68870063e-03  7.03250011e-03  3.51958945e-02 -6.78506214e-03  5.90485707e-03  2.68520191e-02  1.31383657e+00
   -2.71168333e-02 -9.83621925e-04  4.01617540e-03  1.20064929e-01 -1.16317570e-02  5.16107306e-04  7.70012732e-04 -6.46747043e-03 -2.01675706e-02  1.11188507e-03 -5.76482434e-03  2.76733115e-02
    6.59572899e-01  9.93510149e-03  9.65874642e-04 -1.02655729e-03  1.77277148e-01 -1.55735379e-02  2.62778078e-04  7.20468583e-04  2.11267397e-02 -2.83015780e-02 -4.38586250e-03 -1.36072282e-04
   -4.74440791e-02  5.65385044e-01  1.97590236e-02  1.40795801e-02  2.33028550e-04  1.13976978e-01 -3.23788747e-02  2.44892435e-04 -1.72423245e-03 -2.42111320e-03  4.97601628e-02 -7.76275620e-03
    5.02878567e-03  4.24914435e-02  1.33005857e+00 -2.70181503e-02 -9.89427790e-04  4.01889021e-03  1.33305863e-01 -6.07628562e-03 -2.88794516e-04  7.82025163e-04  7.92383682e-03 -2.25636177e-02
    1.90567970e-03 -6.04274310e-03  3.58448289e-02  6.99294865e-01  1.00433305e-02  8.89401883e-04 -1.05969375e-03  1.76356301e-01  6.46414142e-03 -3.17677099e-04  5.59597160e-04 -6.35185093e-03
   -1.89165156e-02 -4.69881156e-03 -1.73031585e-04 -2.34072097e-02  4.83417690e-01  1.91390198e-02  1.37867229e-02  2.34795618e-04  1.02398604e-01 -3.59324589e-02  7.99547415e-04 -1.67475920e-03
   -8.87680799e-04  4.54132408e-02 -5.57803968e-03  5.35166357e-03  3.68645303e-02  1.31034446e+00 -2.73892172e-02 -9.99668613e-04  3.97141557e-03]
  [ 2.56492436e-01  5.22520393e-03 -5.68168587e-04  1.47086335e-03 -1.97524438e-03  9.10117477e-03  2.52094772e-03 -5.57267340e-03  9.32890922e-04  6.62152290e-01  4.02402319e-03  2.64240801e-03
   -1.62931031e-03  2.40522191e-01 -1.66332256e-03 -4.08330758e-04  1.31414889e-03 -2.00515203e-02  2.99558789e-03 -5.07874181e-03 -1.32671185e-03 -4.52321619e-02  6.04110122e-01  1.26578026e-02
    2.58826334e-02 -6.42652158e-05  1.26375258e-01 -4.25709449e-02  1.16891786e-03 -2.19415012e-03  1.01789925e-02  3.24903354e-02 -7.68150669e-03  5.75475488e-03  1.31947100e-02  1.57406092e+00
   -1.68620870e-02  6.32561743e-04  3.77887161e-03  2.23763868e-01 -1.15759335e-02  3.14389821e-04  1.44267944e-03 -1.15880817e-02  1.21887587e-02  2.51722895e-03 -5.11824014e-03  2.04214975e-02
    7.53822327e-01  3.74745112e-03  2.68977135e-03 -1.49821560e-03  2.60703176e-01 -1.24000516e-02  3.22284730e-04  1.18894712e-03  3.50063667e-03  1.42279528e-02 -4.42856457e-03 -8.85482877e-04
   -4.20018211e-02  5.97078919e-01  1.27306059e-02  2.63254605e-02 -3.50259943e-05  1.50702104e-01 -3.62911075e-02  5.78059698e-04 -2.15477659e-03  5.50023606e-03  4.82647642e-02 -9.66256764e-03
    4.56154393e-03  2.75838822e-02  1.58673704e+00 -1.82154216e-02  6.37704507e-04  3.78140435e-03  2.36464709e-01 -4.36433777e-03 -5.80280088e-04  1.40927313e-03  7.12296274e-03  9.98156145e-03
    2.91126035e-03 -5.44502446e-03  2.29780786e-02  7.90591717e-01  3.75750381e-03  2.62558460e-03 -1.54851517e-03  2.51799077e-01  5.58697805e-03 -4.07374580e-04  1.09445339e-03 -2.07363442e-03
    2.31019724e-02 -4.61374037e-03 -8.94037541e-04 -1.86484810e-02  5.41037023e-01  1.33965313e-02  2.59620771e-02 -3.56454402e-05  1.38726592e-01 -4.49164063e-02  1.29266991e-03 -2.06902460e-03
   -1.03962673e-02  4.29338068e-02 -6.68404438e-03  5.13046514e-03  1.98844224e-02  1.57947159e+00 -1.72175616e-02  6.45656139e-04  3.72578599e-03]
  [ 7.81216443e-01  4.08987515e-03 -6.89625449e-04  1.41261111e-03  1.47689460e-03 -3.44695523e-03  9.02279466e-03 -6.71349419e-03  1.05043128e-03  5.24599671e-01  7.19290413e-03  3.82736325e-05
   -2.40364624e-03  5.65474689e-01  1.91648640e-02  1.77633483e-05  3.07121640e-03 -4.21294272e-02  6.89672865e-03 -8.05482361e-03 -1.15142250e-03 -5.77839985e-02  5.20262599e-01  9.19663906e-03
    2.47489549e-02  4.06246865e-04  5.14097095e-01 -4.39602435e-02  1.81192916e-03 -2.28166208e-03  9.08289198e-03  1.07802153e-02 -8.26765411e-03  8.33170675e-03 -4.34025377e-03  1.58002722e+00
   -1.45410970e-02 -3.34720872e-03  3.52280028e-03  6.88365459e-01 -8.72518867e-03  2.02154275e-04  1.40166131e-03 -1.08645326e-02 -1.49348378e-03  9.32363421e-03 -6.16975734e-03  2.72656009e-02
    6.16541147e-01  6.75451662e-03  1.20498240e-04 -2.25503626e-03  6.28514349e-01  5.07462770e-04  1.00535760e-03  2.79865880e-03  1.44673362e-02  1.72101874e-02 -7.09309895e-03 -6.79844525e-04
   -5.55218197e-02  5.28427601e-01  8.15882534e-03  2.51583233e-02  4.50402731e-04  5.46841145e-01 -3.34620364e-02  1.06198003e-03 -2.26509664e-03  6.42264448e-03  3.00560594e-02 -9.61645413e-03
    6.84566516e-03  1.84332430e-02  1.59844565e+00 -1.41492859e-02 -3.35370190e-03  3.54031357e-03  7.29692042e-01 -4.72773053e-03 -6.30888040e-04  1.49183860e-03  7.26285204e-03 -7.68736005e-04
    9.73707251e-03 -6.58025313e-03  2.82721277e-02  6.75807357e-01  6.80128252e-03  3.17320228e-05 -2.31484789e-03  6.25688374e-01  2.92897560e-02  2.16768240e-04  2.63768272e-03 -1.15044322e-02
    2.41034962e-02 -7.37062050e-03 -6.03506807e-04 -3.22073251e-02  4.63257432e-01  7.26934150e-03  2.47830804e-02  4.37431387e-04  5.28961957e-01 -4.72664237e-02  1.68190722e-03 -2.07736064e-03
    1.15859201e-02  2.48259380e-02 -5.61580854e-03  7.26544019e-03  1.29591376e-02  1.58360493e+00 -1.39220152e-02 -3.40751745e-03  3.41529329e-03]
  [ 7.54831314e-01  2.46910751e-03 -4.71302716e-04  1.42588816e-03  3.47584439e-03 -9.46652517e-03  8.60556960e-03 -6.15541125e-03  7.94604421e-06  4.91458535e-01  1.05088931e-02 -3.00808623e-03
   -1.99686131e-03  5.80408096e-01  1.92296691e-02  5.55724837e-05  3.01850657e-03 -4.69088629e-02  8.37757252e-04 -7.74933491e-03 -8.48026946e-04 -6.15800954e-02  5.79411864e-01  2.70276554e-02
    2.12811846e-02  7.73625681e-04  4.92638558e-01 -5.84653765e-02  1.88362750e-03 -2.01121322e-03  8.17246735e-03  1.41780674e-02 -9.95266251e-03  7.81451818e-03 -1.78828835e-03  1.48741257e+00
   -3.35851982e-02 -5.15996478e-03  3.44581995e-03  6.61412299e-01 -8.87931883e-03  3.44268279e-04  1.45349838e-03 -7.65377656e-03 -6.80294260e-03  8.82281177e-03 -5.64238150e-03  2.94889063e-02
    5.93083143e-01  1.01501681e-02 -2.88940966e-03 -1.85671623e-03  6.39987290e-01 -1.20370463e-03  1.05275412e-03  2.71342462e-03  2.49117725e-02  9.72230360e-03 -6.85156230e-03 -4.03245911e-04
   -5.99550195e-02  5.72307944e-01  2.64224801e-02  2.14808658e-02  8.13457184e-04  5.26463807e-01 -4.55661863e-02  1.17178378e-03 -1.97785930e-03  3.20732919e-03  3.38679776e-02 -1.13138678e-02
    6.45213295e-03  2.11128220e-02  1.51246977e+00 -3.41347530e-02 -5.21741994e-03  3.45342676e-03  7.03419566e-01 -5.62193431e-03 -4.12833993e-04  1.60313246e-03  7.09095877e-03 -6.54499233e-03
    9.43544134e-03 -6.03700941e-03  2.88970582e-02  6.61161602e-01  1.01029072e-02 -3.06024030e-03 -1.91170571e-03  6.40377760e-01  2.87567601e-02  2.76578008e-04  2.60932371e-03 -1.46031352e-02
    1.60053149e-02 -7.15489872e-03 -3.23621556e-04 -3.50806043e-02  4.75068033e-01  2.64170617e-02  2.13994067e-02  8.03762465e-04  5.08372068e-01 -6.30448386e-02  1.71407301e-03 -1.77973649e-03
    1.60435922e-02  2.84242555e-02 -7.58165214e-03  6.80237543e-03  1.41958073e-02  1.48158658e+00 -3.30717824e-02 -5.31330332e-03  3.34266969e-03]
  [ 8.09442341e-01  8.64387862e-03 -5.30086807e-04  1.35280378e-03  2.57287221e-03  1.85528770e-03  1.03904456e-02 -4.41051181e-03  6.43026084e-04  5.56224465e-01  9.04541370e-03  2.05077976e-03
   -2.22401461e-03  6.26874804e-01  2.45405175e-02 -4.71683452e-05  2.77991453e-03 -4.12437543e-02  9.17432085e-03 -8.31884425e-03 -7.75450375e-04 -5.16059734e-02  6.17202997e-01  2.61606015e-02
    2.49388143e-02  8.73432728e-04  5.54841042e-01 -3.35277468e-02  2.01235665e-03 -1.87679962e-03  9.27869417e-03  2.18552947e-02 -8.34327005e-03  6.47700951e-03 -1.08050182e-03  1.61086023e+00
   -3.23236771e-02 -2.61350349e-03  3.15095019e-03  7.03203797e-01 -2.28970498e-03  2.86451890e-04  1.41918031e-03 -9.68479551e-03  4.32953611e-03  1.07616913e-02 -3.95589322e-03  2.80679371e-02
    6.59536660e-01  8.74453224e-03  2.16983259e-03 -2.07920279e-03  6.90228820e-01  5.07694855e-03  1.01772300e-03  2.58325669e-03  1.63199529e-02  1.72765888e-02 -7.63458945e-03 -4.22398094e-04
   -5.23251370e-02  6.21643066e-01  2.56557092e-02  2.51063909e-02  9.15346202e-04  5.89047968e-01 -2.16539353e-02  1.38039794e-03 -1.79773802e-03  8.23493116e-03  3.88789624e-02 -9.36977938e-03
    5.32981101e-03  2.08192170e-02  1.63003588e+00 -3.27358767e-02 -2.66985781e-03  3.15854303e-03  7.52058506e-01  6.47498295e-04 -5.55539504e-04  1.47778459e-03  7.64587941e-03  4.97653335e-03
    1.10859340e-02 -4.30592336e-03  2.74108835e-02  7.25672245e-01  8.71231966e-03  2.00328231e-03 -2.14549946e-03  6.93693757e-01  3.26288827e-02  2.20045797e-04  2.61588581e-03 -1.18111949e-02
    2.24167779e-02 -7.81412330e-03 -3.69033776e-04 -3.05337086e-02  5.42361796e-01  2.56758556e-02  2.50326749e-02  9.04357759e-04  5.71159959e-01 -3.86210866e-02  1.89173594e-03 -1.62815489e-03
    1.47175835e-02  3.58754173e-02 -5.62676648e-03  5.54799708e-03  1.63196400e-02  1.60855591e+00 -3.17913853e-02 -2.75060534e-03  3.05895880e-03]
  [ 6.95910811e-01  9.45065636e-03 -6.81542268e-04  1.43501058e-03  1.45355379e-03  4.19683009e-03  9.54451784e-03 -2.44308659e-03  7.35210627e-03  5.90696394e-01  5.30404504e-03  1.43145025e-03
   -2.16978556e-03  5.46358585e-01  2.39655897e-02 -2.83985632e-04  2.22036708e-03 -3.61223556e-02  8.90134741e-03 -7.79887522e-03 -8.97232443e-04 -3.23269218e-02  5.95843494e-01  1.75036322e-02
    2.47590411e-02  6.88169268e-04  4.89132762e-01 -3.56591679e-02  1.99937634e-03 -1.86121138e-03  9.78295691e-03  2.22165510e-02 -6.90349936e-03  5.21651283e-03  3.61762941e-05  1.65360308e+00
   -2.25873813e-02 -2.32500955e-03  2.36700987e-03  5.94890654e-01  5.40938228e-04  3.34503129e-05  1.50962349e-03 -9.22307931e-03  6.51529059e-03  9.94121470e-03 -2.05775839e-03  2.63207108e-02
    6.90092325e-01  5.05688507e-03  1.55218691e-03 -2.03166483e-03  6.07322335e-01  5.59230894e-03  7.45623605e-04  2.08184100e-03  1.42304748e-02  1.47785209e-02 -7.29068834e-03 -6.40400220e-04
   -3.51495259e-02  5.91866255e-01  1.70844719e-02  2.48587206e-02  7.27434759e-04  5.20430326e-01 -2.44502947e-02  1.48357265e-03 -1.74859725e-03  9.40704718e-03  3.61766666e-02 -7.79938092e-03
    4.27596364e-03  1.85821615e-02  1.67768884e+00 -2.28374228e-02 -2.38895603e-03  2.36774329e-03  6.43156767e-01  2.88640056e-03 -7.53071858e-04  1.55190402e-03  7.65285781e-03  7.05642253e-03
    1.01616830e-02 -2.36107642e-03  1.79814249e-02  7.49984741e-01  5.03730681e-03  1.37328357e-03 -2.09694006e-03  6.09206796e-01  2.97159217e-02 -9.50862886e-06  2.19555642e-03 -9.70346108e-03
    1.92826949e-02 -7.43819633e-03 -5.93839213e-04 -1.73656549e-02  5.12150168e-01  1.70796700e-02  2.48586275e-02  7.18025956e-04  5.06084204e-01 -4.10836115e-02  1.89068378e-03 -1.62140909e-03
    1.02153774e-02  3.44287232e-02 -4.49065911e-03  4.41177469e-03  1.40402317e-02  1.65371788e+00 -2.20975541e-02 -2.46739388e-03  2.28655082e-03]
  [ 8.08633983e-01  7.22312741e-03 -8.57975567e-04  1.37913320e-03  3.95185826e-03  6.06783479e-03  1.08964769e-02 -2.10095057e-03  1.34671777e-02  5.79565048e-01  5.31850569e-03  4.18219715e-03
   -2.53843213e-03  5.34876168e-01  2.95662247e-02 -5.48309181e-05  2.35522515e-03 -5.29284105e-02  1.50004700e-02 -8.15826096e-03 -9.50216316e-04 -2.92997397e-02  5.41150749e-01  1.32533833e-02
    2.82855071e-02  4.05638712e-04  5.28011799e-01 -3.64128314e-02  2.36312393e-03 -2.36701476e-03  8.09689052e-03  3.36696357e-02 -7.64284236e-03  5.30828815e-03 -4.50729579e-03  1.81732416e+00
   -1.87646821e-02 -1.23635679e-03  1.88441528e-03  7.19568014e-01  5.29510900e-04 -9.36200377e-06  1.54631410e-03 -7.92603102e-03  1.09902248e-02  1.13461297e-02 -1.68289815e-03  3.35634165e-02
    6.87390208e-01  5.06008649e-03  4.40330803e-03 -2.38840166e-03  6.08425796e-01  6.51573017e-03  1.06134196e-03  2.20129965e-03  2.63802931e-02  1.80253647e-02 -7.76944822e-03 -7.03053083e-04
   -3.20312381e-02  5.45232356e-01  1.23427883e-02  2.78850589e-02  4.48810752e-04  5.63429952e-01 -1.49037167e-02  1.77873403e-03 -2.13978952e-03  1.82620948e-03  4.99320105e-02 -9.42744128e-03
    4.53876099e-03  1.34650469e-02  1.84431875e+00 -1.77816339e-02 -1.42493472e-03  1.86999142e-03  7.63441086e-01 -5.76168299e-04 -8.98949802e-04  1.68187812e-03  8.77382793e-03  1.09166615e-02
    1.18094217e-02 -2.02845084e-03  1.19629800e-02  7.61362553e-01  5.05669974e-03  4.00237739e-03 -2.45131645e-03  5.98014712e-01  3.78062539e-02  2.13071937e-04  2.58682645e-03 -1.84144247e-02
    2.09225155e-02 -7.88566843e-03 -6.44493382e-04 -1.32402042e-02  4.57629681e-01  1.13773048e-02  2.85617150e-02  4.38403455e-04  5.47096908e-01 -4.60511148e-02  2.26884661e-03 -2.01816438e-03
    1.76923815e-02  4.71457466e-02 -5.33168530e-03  4.51882277e-03  4.50053066e-03  1.81472862e+00 -1.79200992e-02 -1.62143633e-03  1.81269948e-03]
  [ 7.70377994e-01  1.01896953e-02 -6.71262038e-04  1.78486831e-03  4.10553953e-03  5.84883243e-03  1.02065811e-02 -2.98246741e-03  1.49022155e-02  5.47651231e-01  4.50102286e-03  5.79056144e-03
   -2.29194202e-03  5.54260969e-01  2.75924616e-02 -1.59342308e-04  2.61072698e-03 -5.12678474e-02  1.16757182e-02 -7.60372961e-03 -1.19641516e-03 -2.31498722e-02  5.22118330e-01  1.49814375e-02
    2.68939659e-02  5.21386391e-04  5.03835738e-01 -3.84788103e-02  2.07367120e-03 -2.16889475e-03  7.85180926e-03  3.20590734e-02 -7.79750850e-03  5.59248962e-03 -4.43916768e-03  1.67137921e+00
   -1.94065832e-02 -5.20072877e-04  2.31729355e-03  6.76298022e-01  1.58271007e-03  1.54247973e-04  1.94427301e-03 -7.11828098e-03  1.06603019e-02  1.06188878e-02 -2.54249270e-03  3.34737338e-02
    6.52559221e-01  4.23944090e-03  5.99693507e-03 -2.14834441e-03  6.23609245e-01  5.05039468e-03  9.43946536e-04  2.41451291e-03  2.74735987e-02  1.50226811e-02 -7.17092259e-03 -8.87109898e-04
   -2.56146602e-02  5.32984197e-01  1.43375248e-02  2.65201330e-02  5.63215814e-04  5.40586114e-01 -1.93641856e-02  1.42655370e-03 -1.98393012e-03  2.06856290e-03  4.97965887e-02 -9.86829307e-03
    4.71988134e-03  1.45094544e-02  1.68929303e+00 -1.92295425e-02 -7.07052648e-04  2.30464689e-03  7.21327007e-01  1.74486265e-03 -7.14177266e-04  2.10255524e-03  8.15544091e-03  9.86318663e-03
    1.10873999e-02 -2.90269731e-03  1.01991929e-02  7.21551657e-01  4.18475363e-03  5.60925156e-03 -2.20806408e-03  6.18461430e-01  3.59359682e-02  1.03201950e-04  2.71220645e-03 -1.76602788e-02
    2.00907923e-02 -7.29146786e-03 -8.31230078e-04 -6.84056059e-03  4.56502199e-01  1.39903091e-02  2.71964520e-02  5.52424812e-04  5.24024963e-01 -4.83196154e-02  1.98292686e-03 -1.83379627e-03
    1.76430680e-02  4.58146781e-02 -5.33612724e-03  4.79966588e-03  4.80895489e-03  1.66763902e+00 -1.87853668e-02 -8.94576311e-04  2.24337727e-03]
  [ 7.65384257e-01  9.91835725e-03 -5.45927905e-04  1.91277149e-03  3.08082672e-03  4.44499776e-03  9.91124660e-03 -4.03292803e-03  9.08527896e-03  5.47365010e-01  5.70177846e-03  6.97591156e-03
   -2.32269126e-03  5.87478936e-01  2.49533840e-02 -1.38445059e-04  2.79364223e-03 -4.52497080e-02  6.56253472e-03 -7.73077738e-03 -1.41433300e-03 -3.07024922e-02  5.40015340e-01  2.05869079e-02
    2.68504992e-02  6.08526636e-04  5.28741419e-01 -3.36714536e-02  1.82091852e-03 -2.21685367e-03  9.69479233e-03  2.11389512e-02 -7.12984847e-03  6.17150031e-03 -5.38219512e-03  1.58706725e+00
   -2.48752348e-02 -1.14914216e-03  2.82369321e-03  6.60660446e-01 -6.75730407e-05  2.63937283e-04  1.97612308e-03 -8.21507815e-03  5.95630333e-03  1.03307720e-02 -3.56901647e-03  2.84192581e-02
    6.47351503e-01  5.41031174e-03  7.09509850e-03 -2.18061032e-03  6.52263820e-01  6.10321388e-03  8.59855849e-04  2.60404870e-03  2.22298652e-02  1.31795192e-02 -7.13353930e-03 -1.03823282e-03
   -3.22946832e-02  5.60759962e-01  2.02180557e-02  2.69034375e-02  6.51988434e-04  5.63306689e-01 -2.19181105e-02  1.14717032e-03 -2.12739315e-03  7.30353966e-03  3.80019471e-02 -8.43944214e-03
    4.96833865e-03  1.56461187e-02  1.59835100e+00 -2.55849212e-02 -1.22989528e-03  2.83063971e-03  7.08904326e-01  2.10075080e-03 -5.39692293e-04  2.05989531e-03  7.60684581e-03  6.24818727e-03
    1.06041413e-02 -3.94140929e-03  1.75676122e-02  7.10996330e-01  5.34998719e-03  6.89823180e-03 -2.24364665e-03  6.55130625e-01  3.24628204e-02  1.25716673e-04  2.64365249e-03 -1.41961668e-02
    1.93415750e-02 -7.28056440e-03 -9.81544144e-04 -1.37710366e-02  5.01564085e-01  2.04895176e-02  2.70170886e-02  6.38840836e-04  5.46283722e-01 -3.98675650e-02  1.65364938e-03 -1.96128711e-03
    1.74165089e-02  3.55947837e-02 -4.37387219e-03  5.25425468e-03  9.52391326e-03  1.58809578e+00 -2.44068336e-02 -1.31710991e-03  2.73047108e-03]
  [ 7.65570700e-01  3.83314583e-03 -7.24762911e-04  1.72848813e-03  1.47717213e-03 -2.59410962e-03  9.37769189e-03 -3.85676278e-03  8.92586634e-03  5.99198699e-01  4.25003842e-03  1.68605149e-03
   -2.42775632e-03  5.77662051e-01  2.28158161e-02 -2.14337953e-04  2.74949917e-03 -4.14997190e-02  8.03840347e-03 -7.83455744e-03 -1.38235511e-03 -2.60724053e-02  5.66659153e-01  1.63141359e-02
    2.58539319e-02  5.00242691e-04  5.43117821e-01 -4.51955572e-02  1.95848569e-03 -2.30958965e-03  1.06648654e-02  1.17954314e-02 -8.23917612e-03  6.07413705e-03 -7.46349990e-03  1.61703014e+00
   -2.02753022e-02 -3.16891260e-03  2.37163063e-03  6.59411967e-01 -3.96284647e-03  6.40603248e-05  1.74142444e-03 -9.13042668e-03 -1.48382038e-04  9.78661608e-03 -3.40871396e-03  2.56823599e-02
    7.02070713e-01  3.96053353e-03  1.82214379e-03 -2.28418829e-03  6.44723535e-01  5.03134727e-03  7.77407899e-04  2.60452507e-03  1.73532404e-02  1.29613765e-02 -7.29431678e-03 -1.03630498e-03
   -2.81207599e-02  5.64303696e-01  1.58598423e-02  2.58592106e-02  5.42501337e-04  5.74339747e-01 -3.39394733e-02  1.33423507e-03 -2.21691630e-03  1.03009492e-02  2.87281945e-02 -9.01449658e-03
    4.97506466e-03  1.31146610e-02  1.63404071e+00 -2.07559895e-02 -3.26018035e-03  2.38002418e-03  7.10117519e-01 -1.99984759e-03 -7.24857324e-04  1.85659737e-03  7.19949091e-03  3.63837928e-04
    1.00746341e-02 -3.75900907e-03  1.46692358e-02  7.58788943e-01  3.87038291e-03  1.60188973e-03 -2.34832242e-03  6.47279799e-01  2.98503824e-02  5.89902629e-05  2.65399762e-03 -1.24761406e-02
    1.76925901e-02 -7.44443759e-03 -9.90586355e-04 -1.33330254e-02  4.85446602e-01  1.60987750e-02  2.60074940e-02  5.31143625e-04  5.59162378e-01 -5.05404994e-02  1.79932103e-03 -2.08870298e-03
    1.29747996e-02  2.55971923e-02 -5.25072170e-03  5.13837161e-03  7.48941302e-03  1.61370814e+00 -1.97485890e-02 -3.36381607e-03  2.27958872e-03]
  [ 7.89999127e-01 -2.34874897e-04 -8.08819081e-04  1.63901842e-03  1.46433664e-03 -4.39456105e-03  9.19495150e-03 -4.37515741e-03  8.79471749e-03  6.24440849e-01  3.24006076e-03  9.01184976e-04
   -2.53311591e-03  5.81685722e-01  2.20916010e-02 -1.60151394e-04  2.71127373e-03 -4.31044400e-02  9.08960029e-03 -8.00244138e-03 -1.35513721e-03 -2.18048822e-02  5.82606137e-01  1.45104770e-02
    2.75543481e-02  4.27599414e-04  5.62475443e-01 -5.17117530e-02  2.01057456e-03 -2.51064147e-03  1.12789553e-02  1.39216930e-02 -9.50880628e-03  6.04467653e-03 -1.03569403e-02  1.66483021e+00
   -1.84647180e-02 -3.96752544e-03  2.54098373e-03  6.80453777e-01 -7.29556940e-03  5.08686062e-05  1.62111502e-03 -9.25748795e-03 -1.42752752e-03  9.61657055e-03 -3.90945515e-03  2.47573927e-02
    7.31651545e-01  2.93741003e-03  1.05533004e-03 -2.38686195e-03  6.51627302e-01  4.22473624e-03  8.44762893e-04  2.60481588e-03  1.90350339e-02  1.35962125e-02 -7.51688145e-03 -9.75121278e-04
   -2.46075876e-02  5.71775794e-01  1.41121298e-02  2.74531338e-02  4.68646642e-04  5.94123840e-01 -4.00503427e-02  1.37460581e-03 -2.41856626e-03  1.04285665e-02  3.22512314e-02 -1.02207074e-02
    4.98524215e-03  1.15216412e-02  1.68505275e+00 -1.90868657e-02 -4.09281440e-03  2.55266041e-03  7.33421326e-01 -5.94308414e-03 -7.88184232e-04  1.76039804e-03  7.38215493e-03 -1.67679787e-03
    9.92632098e-03 -4.25980194e-03  1.27740819e-02  7.88592398e-01  2.84585939e-03  7.83093274e-04 -2.45260727e-03  6.54177725e-01  3.01241539e-02  1.15938194e-04  2.67192745e-03 -1.36590768e-02
    1.86147969e-02 -7.63003947e-03 -9.56753269e-04 -1.02909822e-02  4.81677890e-01  1.44525208e-02  2.77698915e-02  4.59169270e-04  5.78962564e-01 -5.79759479e-02  1.85404764e-03 -2.30509997e-03
    1.29255643e-02  2.89015472e-02 -6.23799022e-03  5.09936456e-03  5.49486279e-03  1.65904760e+00 -1.79990977e-02 -4.21561114e-03  2.45544035e-03]
  [ 7.87619591e-01  3.71020101e-03 -8.13184422e-04  1.72963261e-03  1.29829487e-03 -5.64893708e-03  9.65901092e-03 -5.03844488e-03  1.00183524e-02  5.99751651e-01  6.64046919e-03 -1.80643797e-03
   -2.59781582e-03  5.79959035e-01  2.37043351e-02 -9.77588352e-05  2.90261698e-03 -4.47652340e-02  8.04280303e-03 -8.27061571e-03 -1.15749706e-03 -3.64494249e-02  5.72758913e-01  1.99302360e-02
    2.32255012e-02  4.92625637e-04  5.26670456e-01 -5.72048053e-02  2.05181679e-03 -2.40316335e-03  1.01236496e-02  7.37620145e-03 -8.35905597e-03  7.53564015e-03 -6.80360943e-03  1.73471272e+00
   -2.50326972e-02 -5.19502908e-03  2.59535946e-03  6.85727000e-01 -5.99068776e-03 -7.38468952e-06  1.74461561e-03 -9.79283731e-03 -3.69308889e-03  1.00979358e-02 -4.53065056e-03  2.96869203e-02
    7.01713681e-01  6.29245257e-03 -1.69276446e-03 -2.44319090e-03  6.53042376e-01  4.46183607e-03  9.25243890e-04  2.64229625e-03  1.88519806e-02  1.50937689e-02 -7.46465148e-03 -7.62543641e-04
   -3.66825014e-02  5.60616970e-01  1.92896351e-02  2.34583449e-02  5.37455082e-04  5.59887886e-01 -4.40765321e-02  1.34978234e-03 -2.32682610e-03  8.24561343e-03  2.56347880e-02 -9.63367615e-03
    6.13871869e-03  1.44771487e-02  1.76490593e+00 -2.53814310e-02 -5.24052419e-03  2.60583009e-03  7.33911097e-01 -2.55275890e-03 -7.95428932e-04  1.87701313e-03  7.63182621e-03 -2.67424062e-03
    1.04018198e-02 -4.93202498e-03  1.77169535e-02  7.63368964e-01  6.23205677e-03 -1.84940547e-03 -2.50976114e-03  6.47853613e-01  3.26747075e-02  1.42606208e-04  2.58480106e-03 -1.26216356e-02
    2.08077244e-02 -7.73126772e-03 -6.73082657e-04 -1.81740429e-02  4.67721730e-01  1.92637667e-02  2.33117323e-02  5.25086187e-04  5.44381976e-01 -6.16700910e-02  1.88614195e-03 -2.16023112e-03
    1.26714529e-02  2.16136873e-02 -5.62930899e-03  6.48406707e-03  7.91595876e-03  1.73526073e+00 -2.44140569e-02 -5.32472134e-03  2.48602149e-03]
  [ 7.81696975e-01  6.15631416e-03 -7.96285400e-04  1.67459110e-03 -3.60385049e-04 -1.06708594e-02  1.00206528e-02 -7.69660855e-03  8.51747021e-03  5.98506629e-01  8.09025951e-03 -4.51656431e-03
   -2.84077157e-03  5.97039104e-01  2.34803893e-02  1.45223225e-04  3.14771524e-03 -4.37712297e-02  5.18971309e-03 -8.74154828e-03 -9.46654473e-04 -5.27848862e-02  5.96338630e-01  1.35605577e-02
    2.55506486e-02  4.60421899e-04  4.96878922e-01 -5.68828173e-02  1.85390154e-03 -2.81043281e-03  1.15923733e-02 -1.07372105e-02 -6.55516237e-03  9.98658128e-03 -4.77738678e-03  1.87635541e+00
   -1.83285531e-02 -7.62816891e-03  3.71660898e-03  6.83877945e-01 -7.33444281e-03  8.76339618e-05  1.60747417e-03 -1.33035909e-02 -9.56516713e-03  1.04908962e-02 -7.09087960e-03  3.07730064e-02
    6.96999073e-01  7.61181116e-03 -4.45610285e-03 -2.66813603e-03  6.67744160e-01  3.21944430e-03  1.12583954e-03  2.84373737e-03  1.21488534e-02  1.65059436e-02 -7.63204228e-03 -4.39859927e-04
   -4.95532863e-02  5.83605289e-01  1.23501346e-02  2.62008067e-02  5.08823548e-04  5.31306446e-01 -4.48185988e-02  1.03009585e-03 -2.79664737e-03  9.17718187e-03  9.08257812e-03 -8.18235800e-03
    8.20721593e-03  1.72559321e-02  1.91631055e+00 -1.78134516e-02 -7.57979602e-03  3.73991556e-03  7.27575958e-01 -1.45117193e-03 -6.90766028e-04  1.69897359e-03  7.67574925e-03 -7.26243481e-03
    1.06882071e-02 -7.56255584e-03  2.34500691e-02  7.64452815e-01  7.60806445e-03 -4.46586311e-03 -2.74074730e-03  6.60301030e-01  3.33511680e-02  3.33928328e-04  2.58667627e-03 -9.93628055e-03
    2.31908113e-02 -8.01310223e-03 -3.30609735e-04 -2.68117189e-02  4.88643467e-01  1.14446990e-02  2.54807957e-02  4.95339744e-04  5.14556468e-01 -5.79708256e-02  1.62565242e-03 -2.62357760e-03
    9.32842121e-03  4.10848856e-03 -3.90284974e-03  8.77845008e-03  1.09719634e-02  1.88354969e+00 -1.76539663e-02 -7.59981014e-03  3.60131986e-03]
  [ 8.05850923e-01  7.59752654e-03 -8.28619988e-04  1.62208313e-03 -6.33725896e-04 -8.79796967e-03  1.06978817e-02 -7.58228311e-03  7.71398842e-03  6.21449172e-01  9.53540392e-03 -4.31376696e-03
   -2.90338555e-03  6.13631129e-01  2.49940269e-02  2.39489716e-04  3.22218332e-03 -4.33093682e-02  4.67939582e-03 -9.11984127e-03 -8.21836293e-04 -6.04252629e-02  6.11675560e-01  1.42658483e-02
    2.49837562e-02  5.30718477e-04  4.94879305e-01 -5.89072779e-02  1.98023813e-03 -2.84579769e-03  1.14429127e-02 -9.17214155e-03 -5.99742774e-03  1.02780629e-02 -2.92608142e-03  1.97259092e+00
   -1.99223906e-02 -7.03381374e-03  3.76454694e-03  7.11527169e-01 -7.28513673e-03  6.82963291e-05  1.57024153e-03 -1.40221687e-02 -8.73287767e-03  1.12092383e-02 -6.96768984e-03  3.20599750e-02
    7.19407916e-01  9.02558956e-03 -4.28066403e-03 -2.72596977e-03  6.83807492e-01  4.02842090e-03  1.23192894e-03  2.87434226e-03  1.06063597e-02  1.81023050e-02 -7.88254850e-03 -3.25036701e-04
   -5.70459031e-02  6.03219688e-01  1.29158683e-02  2.58304067e-02  5.81507571e-04  5.30358434e-01 -4.64379005e-02  1.15375454e-03 -2.83290725e-03  9.18217376e-03  9.76017863e-03 -7.77665991e-03
    8.36400688e-03  1.89213902e-02  2.01530409e+00 -1.91287138e-02 -6.93865679e-03  3.78814922e-03  7.52619803e-01 -5.69943339e-04 -7.33393477e-04  1.62225333e-03  8.24918412e-03 -5.83534315e-03
    1.13313515e-02 -7.44916312e-03  2.66079195e-02  7.88807273e-01  9.09659453e-03 -4.22134995e-03 -2.80164601e-03  6.74237430e-01  3.50293554e-02  4.19868273e-04  2.56989663e-03 -9.12153348e-03
    2.49556843e-02 -8.28767009e-03 -1.91641040e-04 -3.16026695e-02  5.13163924e-01  1.16227120e-02  2.48473622e-02  5.66697447e-04  5.12613773e-01 -5.91536835e-02  1.76195276e-03 -2.64048576e-03
    8.12518131e-03  5.70344180e-03 -3.59895080e-03  9.03122779e-03  1.31780207e-02  1.98486543e+00 -1.91741753e-02 -6.92524575e-03  3.63886333e-03]
  [ 7.85378218e-01  6.64359890e-03 -8.10413214e-04  1.66299904e-03 -6.21425919e-04 -9.22417268e-03  1.05151618e-02 -7.27795856e-03  8.24759901e-03  6.26210511e-01  7.84147810e-03 -1.74746662e-03
   -2.82391277e-03  6.26572073e-01  2.36874074e-02  1.06394873e-04  3.17027420e-03 -4.35454845e-02  5.66837657e-03 -8.97653960e-03 -9.91310459e-04 -5.30595146e-02  6.09625518e-01  1.19657777e-02
    2.69309767e-02  5.55359642e-04  5.07635653e-01 -6.03125021e-02  1.88379281e-03 -2.90169590e-03  1.23710334e-02 -5.95837831e-03 -6.42667850e-03  9.68164764e-03 -4.15046513e-03  1.91914201e+00
   -1.68587100e-02 -4.79033962e-03  3.71392444e-03  6.83433175e-01 -7.01459870e-03  1.16067706e-04  1.60635554e-03 -1.37385940e-02 -7.70027190e-03  1.10046994e-02 -6.67883363e-03  3.12400535e-02
    7.28195310e-01  7.35850492e-03 -1.67071819e-03 -2.65239947e-03  6.94632590e-01  2.11288780e-03  1.13119755e-03  2.88356887e-03  1.15100108e-02  1.62979439e-02 -7.92375952e-03 -5.05673233e-04
   -5.11073768e-02  6.10169172e-01  1.06787942e-02  2.75196247e-02  6.05137204e-04  5.42178571e-01 -4.77619059e-02  1.09044428e-03 -2.87245796e-03  1.04909539e-02  1.39895901e-02 -7.92768784e-03
    7.96166807e-03  1.83884576e-02  1.95053816e+00 -1.61233172e-02 -4.75655310e-03  3.73486592e-03  7.28845358e-01 -1.38834678e-03 -7.24706799e-04  1.69894332e-03  7.80408271e-03 -5.37735596e-03
    1.12212738e-02 -7.14756316e-03  2.39767879e-02  7.95615196e-01  7.37002259e-03 -1.71238929e-03 -2.72590807e-03  6.92168355e-01  3.25433835e-02  3.13884811e-04  2.66878586e-03 -9.85114835e-03
    2.26681605e-02 -8.26977286e-03 -3.94954346e-04 -2.79616490e-02  5.29711485e-01  9.60065424e-03  2.68789940e-02  5.90702752e-04  5.24715781e-01 -6.17189109e-02  1.68133073e-03 -2.70118890e-03
    8.20254907e-03  8.94161314e-03 -3.62809189e-03  8.46403558e-03  1.19664818e-02  1.92721045e+00 -1.61078386e-02 -4.79074568e-03  3.59634566e-03]
  [ 8.03690970e-01  6.63100742e-03 -8.24454648e-04  1.75552361e-03  4.24652826e-04 -7.27783889e-03  1.08271465e-02 -6.51166588e-03  9.61346924e-03  6.22614205e-01  9.47526656e-03 -2.20870227e-03
   -2.92069325e-03  6.29336953e-01  2.48994045e-02  1.59135321e-04  3.22197471e-03 -4.77835834e-02  5.43193799e-03 -9.13742930e-03 -9.62212682e-04 -5.52775487e-02  5.98693371e-01  1.89454071e-02
    2.49414034e-02  6.30761380e-04  5.03579974e-01 -6.58408105e-02  2.10905005e-03 -2.83664255e-03  1.17374975e-02 -1.41111016e-03 -6.65943744e-03  9.46163666e-03 -3.99952382e-03  1.95087576e+00
   -2.51701586e-02 -6.02969527e-03  3.40096653e-03  7.06307113e-01 -6.86575659e-03  6.13756711e-05  1.72986579e-03 -1.24580879e-02 -7.06215948e-03  1.13326684e-02 -5.92352683e-03  3.35923545e-02
    7.25210607e-01  9.01410170e-03 -2.14377046e-03 -2.74565583e-03  7.00185120e-01  3.38505581e-03  1.16768724e-03  2.88832001e-03  1.68273039e-02  1.65752992e-02 -8.01508129e-03 -4.99528833e-04
   -5.35358265e-02  5.94565749e-01  1.78238377e-02  2.55761910e-02  6.82410318e-04  5.39251149e-01 -5.20454980e-02  1.31138484e-03 -2.79156817e-03  8.58106092e-03  1.75036564e-02 -8.35556723e-03
    7.65847415e-03  1.83170289e-02  1.98945737e+00 -2.47732531e-02 -5.98499738e-03  3.41855758e-03  7.49494791e-01 -1.42150186e-03 -7.45788333e-04  1.81819068e-03  8.35184101e-03 -4.64034826e-03
    1.15607288e-02 -6.39400398e-03  2.47426592e-02  7.96362817e-01  9.05122235e-03 -2.16729194e-03 -2.81888945e-03  6.93264067e-01  3.45600918e-02  3.66022927e-04  2.66886083e-03 -1.17234010e-02
    2.34585777e-02 -8.39929096e-03 -3.63375992e-04 -2.86690872e-02  5.04382789e-01  1.69214047e-02  2.48930044e-02  6.66635227e-04  5.21473229e-01 -6.78950250e-02  1.89313455e-03 -2.59836670e-03
    1.10542085e-02  1.36016235e-02 -4.16604336e-03  8.23823549e-03  1.14480108e-02  1.96038187e+00 -2.43877042e-02 -6.01057149e-03  3.27200792e-03]
  [ 7.79063284e-01  5.55639155e-03 -7.45051715e-04  1.74787687e-03  1.00579578e-04 -8.90875235e-03  1.01220813e-02 -7.71197071e-03  7.69698247e-03  6.13208830e-01  7.90354609e-03 -3.24492157e-03
   -2.89604859e-03  6.22897208e-01  2.28752419e-02  2.25658412e-04  3.24521912e-03 -4.64506969e-02  3.75548098e-03 -8.97641480e-03 -8.91604461e-04 -5.35427108e-02  6.13330483e-01  1.30040348e-02
    2.47688517e-02  5.71300858e-04  5.03358662e-01 -5.07317185e-02  1.82694558e-03 -2.90863728e-03  1.18595902e-02 -1.07657090e-02 -5.92844374e-03  1.00192036e-02 -5.80798835e-03  1.90030706e+00
   -1.76124014e-02 -8.48126784e-03  4.02212236e-03  6.79866076e-01 -7.77607784e-03  1.63261313e-04  1.66119076e-03 -1.32217053e-02 -9.59672779e-03  1.06292544e-02 -7.10774912e-03  2.93455049e-02
    7.13864744e-01  7.41641596e-03 -3.21387500e-03 -2.71960837e-03  6.90927505e-01  4.53949720e-03  1.11492630e-03  2.95570074e-03  1.43365897e-02  1.63995475e-02 -7.83732440e-03 -3.78904399e-04
   -5.04352041e-02  6.01942897e-01  1.18106566e-02  2.55404655e-02  6.21317071e-04  5.37354708e-01 -4.11710106e-02  1.01356837e-03 -2.90775253e-03  9.23944637e-03  7.91904330e-03 -7.30979908e-03
    8.13042093e-03  1.65269375e-02  1.94148374e+00 -1.71487164e-02 -8.39671493e-03  4.05239593e-03  7.23284900e-01 -1.96645036e-03 -5.96549944e-04  1.71120954e-03  7.85913318e-03 -6.55974448e-03
    1.07290167e-02 -7.58008845e-03  2.51378827e-02  7.83554673e-01  7.43159652e-03 -3.15831602e-03 -2.79452396e-03  6.86505556e-01  3.26336622e-02  4.11856861e-04  2.64364993e-03 -1.13076139e-02
    2.29584947e-02 -8.21862463e-03 -2.66944990e-04 -2.81888209e-02  5.05143523e-01  1.09062269e-02  2.46552192e-02  6.06753165e-04  5.19734800e-01 -5.14835641e-02  1.55647844e-03 -2.73310859e-03
    1.23163350e-02  4.75800037e-03 -3.23515385e-03  8.76722392e-03  1.16386563e-02  1.90885139e+00 -1.69185773e-02 -8.38005729e-03  3.90075357e-03]
  [ 7.83117533e-01  6.75548241e-03 -8.28586461e-04  1.69285969e-03  1.43228564e-04 -5.65457344e-03  1.03220008e-02 -7.19005475e-03  6.18495047e-03  6.20331943e-01  9.27650556e-03 -2.61391699e-03
   -2.85390997e-03  6.12317204e-01  2.32850388e-02  1.86376274e-04  3.15743592e-03 -4.48764861e-02  3.89921665e-03 -8.98803025e-03 -8.25866126e-04 -5.87959625e-02  6.10376835e-01  1.77903660e-02
    2.36620754e-02  6.01243810e-04  4.99589622e-01 -5.12243472e-02  1.88372307e-03 -2.70389253e-03  1.12765580e-02 -8.51429999e-04 -5.89768589e-03  9.77544300e-03 -3.70800495e-03  1.92905307e+00
   -2.34614071e-02 -7.27561861e-03  3.68165458e-03  6.87115908e-01 -7.16409460e-03  5.98481856e-05  1.64775143e-03 -1.30209494e-02 -6.68576360e-03  1.08408080e-02 -6.59706350e-03  3.02705355e-02
    7.18415499e-01  8.80661979e-03 -2.59517878e-03 -2.67915893e-03  6.80793107e-01  4.92669642e-03  1.12795783e-03  2.82517425e-03  1.32817365e-02  1.70114674e-02 -7.78829632e-03 -3.41567211e-04
   -5.56386933e-02  6.01294637e-01  1.67184360e-02  2.45201886e-02  6.52055955e-04  5.33559918e-01 -4.14403006e-02  1.08863309e-03 -2.69265263e-03  9.07692313e-03  1.70594379e-02 -7.33109703e-03
    7.83841778e-03  1.82678401e-02  1.97125077e+00 -2.32141241e-02 -7.17151165e-03  3.70906619e-03  7.28962064e-01 -8.08991492e-04 -7.31863664e-04  1.67585793e-03  8.34115595e-03 -3.68829444e-03
    1.09211076e-02 -7.06570642e-03  2.84260511e-02  7.86827922e-01  8.84767435e-03 -2.51281261e-03 -2.75447220e-03  6.74261153e-01  3.31972390e-02  3.59461235e-04  2.51507806e-03 -1.03908125e-02
    2.39272043e-02 -8.18202831e-03 -2.10582744e-04 -3.22039723e-02  5.10403752e-01  1.59313306e-02  2.35241391e-02  6.36625686e-04  5.15785694e-01 -5.17612547e-02  1.66825345e-03 -2.49538012e-03
    1.17321573e-02  1.41282529e-02 -3.40626016e-03  8.53089802e-03  1.37893632e-02  1.94105053e+00 -2.27520317e-02 -7.14259036e-03  3.55122122e-03]
  [ 7.67402887e-01  5.80829568e-03 -8.08216166e-04  1.57894671e-03 -6.03871420e-04 -9.39849019e-03  1.02926418e-02 -7.19558680e-03  8.94336402e-03  6.21398687e-01  7.05901533e-03 -1.03658438e-03
   -2.94761453e-03  6.07878566e-01  2.20759921e-02  8.75260448e-05  2.96088192e-03 -4.34684828e-02  6.13796152e-03 -8.92659370e-03 -9.35799908e-04 -4.82184440e-02  5.88111103e-01  1.10957716e-02
    2.75511965e-02  4.69348626e-04  5.12723625e-01 -5.20625338e-02  1.84796995e-03 -2.88340403e-03  1.29139461e-02 -5.56857884e-03 -6.20156433e-03  9.34986398e-03 -4.59940732e-03  1.88654959e+00
   -1.56969838e-02 -5.07355668e-03  3.70938377e-03  6.65041864e-01 -6.88696653e-03  1.33146532e-04  1.50384125e-03 -1.38884848e-02 -7.52953440e-03  1.07765514e-02 -6.61282567e-03  3.05671021e-02
    7.22285986e-01  6.59673428e-03 -9.50247049e-04 -2.77683605e-03  6.75387204e-01  1.97375566e-03  1.06527517e-03  2.73700990e-03  1.11005679e-02  1.55760506e-02 -7.98969064e-03 -4.58517112e-04
   -4.69739474e-02  5.86785555e-01  9.83915105e-03  2.80526932e-02  5.18295332e-04  5.45555949e-01 -4.07697968e-02  1.08170824e-03 -2.85117980e-03  1.11848712e-02  1.41717196e-02 -7.44106062e-03
    7.73752015e-03  1.79199949e-02  1.91689634e+00 -1.49305984e-02 -5.05696610e-03  3.73333297e-03  7.11167634e-01 -1.97840109e-03 -7.05942861e-04  1.59193145e-03  7.62945367e-03 -5.32504916e-03
    1.09952334e-02 -7.06578838e-03  2.32754573e-02  7.87480295e-01  6.58353139e-03 -1.01538002e-03 -2.84946500e-03  6.74194753e-01  3.08936238e-02  3.00032203e-04  2.56510987e-03 -9.96082276e-03
    2.15448849e-02 -8.31251219e-03 -3.67730856e-04 -2.54169554e-02  5.06405473e-01  8.83739442e-03  2.75159292e-02  5.04172640e-04  5.28768599e-01 -5.38689792e-02  1.63847522e-03 -2.70279357e-03
    8.69180448e-03  9.20872390e-03 -3.17818299e-03  8.15919507e-03  1.17116049e-02  1.89322639e+00 -1.49458293e-02 -5.10154851e-03  3.59933195e-03]
  [ 7.65501201e-01  8.02369788e-03 -6.34002150e-04  1.86974462e-03 -1.26898475e-03 -1.08844787e-02  1.00027919e-02 -9.31020360e-03  8.89281556e-03  5.80146372e-01  6.16681483e-03  1.70650333e-03
   -2.96360301e-03  6.11761570e-01  2.01882236e-02  1.77260372e-04  3.35641927e-03 -4.24656942e-02  3.31346039e-03 -8.70084018e-03 -1.07998587e-03 -4.88135777e-02  5.94187975e-01  8.12624767e-03
    2.68268622e-02  4.20056051e-04  5.01695514e-01 -4.85559516e-02  1.50166370e-03 -3.07055260e-03  1.29202437e-02 -1.02968588e-02 -5.75864967e-03  1.06720570e-02 -6.09154254e-03  1.83278751e+00
   -1.13570374e-02 -4.35275584e-03  4.40068683e-03  6.63358688e-01 -7.44180381e-03  3.43910651e-04  1.75345363e-03 -1.51809780e-02 -9.32296738e-03  1.04974424e-02 -8.65680818e-03  2.98781283e-02
    6.77518368e-01  5.65006770e-03  1.76192820e-03 -2.78716488e-03  6.79334521e-01  1.19290873e-03  1.13806035e-03  3.07680294e-03  8.34771991e-03  1.41399857e-02 -7.62535073e-03 -4.90694307e-04
   -4.50341851e-02  6.05201781e-01  6.87414408e-03  2.74974760e-02  4.69229301e-04  5.35505295e-01 -3.97131965e-02  6.41779276e-04 -3.09915561e-03  1.12192221e-02  1.17804930e-02 -7.40029570e-03
    8.79710447e-03  1.75290778e-02  1.85716808e+00 -1.09560825e-02 -4.30204719e-03  4.43456182e-03  7.07747102e-01 -6.90981746e-04 -4.66077356e-04  1.85439247e-03  7.05625955e-03 -7.38430023e-03
    1.06489602e-02 -9.16135218e-03  2.38462985e-02  7.43894935e-01  5.59583399e-03  1.75993145e-03 -2.86088372e-03  6.77615106e-01  3.01801860e-02  3.71970993e-04  2.74593383e-03 -8.52274522e-03
    2.23323051e-02 -7.97810405e-03 -3.98650300e-04 -2.31823232e-02  5.38435698e-01  6.10973686e-03  2.67577879e-02  4.54897759e-04  5.18473566e-01 -4.94539402e-02  1.28418778e-03 -2.92387372e-03
    8.21099430e-03  5.16361743e-03 -2.51988228e-03  9.40119568e-03  1.06913000e-02  1.84115601e+00 -1.07620880e-02 -4.31474671e-03  4.28902917e-03]
  [ 7.73105621e-01  5.57904691e-03 -7.65096513e-04  1.67212612e-03 -7.74661079e-04 -1.01837181e-02  9.92914569e-03 -7.62719335e-03  9.51902568e-03  6.04040980e-01  5.53285843e-03  4.30688262e-04
   -2.87720165e-03  6.14896655e-01  2.17064954e-02  8.36168183e-05  3.15986178e-03 -4.26404811e-02  5.85948676e-03 -8.63574259e-03 -1.08473422e-03 -4.05320860e-02  5.98751009e-01  9.14827734e-03
    2.86634527e-02  4.46218066e-04  5.08988857e-01 -5.07754460e-02  1.83033547e-03 -3.06115788e-03  1.30596012e-02 -7.14401901e-03 -6.64333859e-03  9.17242095e-03 -6.94274902e-03  1.85100865e+00
   -1.27167292e-02 -4.88064438e-03  3.92673910e-03  6.72861755e-01 -7.42004067e-03  2.00983370e-04  1.58589671e-03 -1.41501706e-02 -7.71938264e-03  1.04092192e-02 -7.03454111e-03  2.86541395e-02
    7.05845833e-01  5.08194044e-03  5.30004501e-04 -2.70461384e-03  6.80457830e-01  1.97397918e-03  1.08805019e-03  2.96912715e-03  9.54308733e-03  1.48138897e-02 -7.78361503e-03 -5.74869569e-04
   -3.88243645e-02  5.98570526e-01  8.01469013e-03  2.90471502e-02  4.93279425e-04  5.42357266e-01 -3.86591814e-02  1.02596835e-03 -3.02775647e-03  1.13569610e-02  1.35440156e-02 -8.08705296e-03
    7.61933066e-03  1.50950551e-02  1.87897229e+00 -1.22183729e-02 -4.89534065e-03  3.95020377e-03  7.17718840e-01 -2.34063342e-03 -6.60483143e-04  1.68566592e-03  7.35384971e-03 -6.21739030e-03
    1.06072053e-02 -7.48783769e-03  1.87746845e-02  7.72171855e-01  5.03090164e-03  4.22038138e-04 -2.77822651e-03  6.79730952e-01  3.06646451e-02  2.98372877e-04  2.82280380e-03 -9.94975679e-03
    2.10613050e-02 -8.05717427e-03 -5.12300059e-04 -1.93323418e-02  5.17450690e-01  7.28259981e-03  2.86859348e-02  4.80858260e-04  5.25355220e-01 -5.32058924e-02  1.64186419e-03 -2.89445091e-03
    7.83873722e-03  8.18233192e-03 -3.50514986e-03  8.02834891e-03  8.00906122e-03  1.85479259e+00 -1.21201947e-02 -4.95253876e-03  3.83044849e-03]
  [ 7.75895298e-01  6.65983371e-03 -8.07704753e-04  1.70430820e-03 -4.59505245e-04 -7.64330477e-03  1.02190822e-02 -7.10171787e-03  8.70435312e-03  6.08013988e-01  6.85738819e-03 -1.10484660e-04
   -2.90383864e-03  6.07277036e-01  2.29568630e-02  1.01301819e-04  3.11026769e-03 -4.29893732e-02  4.78643738e-03 -8.74466076e-03 -1.01889204e-03 -4.60110307e-02  5.99177361e-01  1.33822411e-02
    2.73885652e-02  4.96704131e-04  5.08976877e-01 -5.26328012e-02  1.84390310e-03 -2.91491998e-03  1.27190016e-02 -2.69100070e-03 -6.24609692e-03  9.20165144e-03 -5.61255962e-03  1.89021981e+00
   -1.78392101e-02 -5.47203608e-03  3.58883338e-03  6.76137984e-01 -6.29231706e-03  1.02522783e-04  1.63563085e-03 -1.35671943e-02 -6.62734360e-03  1.07265012e-02 -6.51726825e-03  2.92553753e-02
    7.07657039e-01  6.41307421e-03 -4.07844782e-05 -2.73048133e-03  6.74999654e-01  3.57632712e-03  1.10055669e-03  2.87203421e-03  1.09498203e-02  1.47259459e-02 -7.78372586e-03 -5.32458536e-04
   -4.40293066e-02  5.97480297e-01  1.23452395e-02  2.79408861e-02  5.45528950e-04  5.42319298e-01 -4.16497029e-02  1.05880923e-03 -2.88628717e-03  1.10709332e-02  1.65801123e-02 -7.61614321e-03
    7.52219139e-03  1.62766427e-02  1.92384803e+00 -1.75593589e-02 -5.44480234e-03  3.61312670e-03  7.20565617e-01 -8.92080367e-04 -7.13177957e-04  1.70867122e-03  7.86462240e-03 -4.64785844e-03
    1.08655114e-02 -6.97327638e-03  2.21559145e-02  7.75237262e-01  6.38999976e-03 -8.11070204e-05 -2.80511845e-03  6.72264159e-01  3.17938328e-02  3.13280209e-04  2.67248764e-03 -9.69994441e-03
    2.14092471e-02 -8.09845421e-03 -4.42685559e-04 -2.34706029e-02  5.14879763e-01  1.17136016e-02  2.73560286e-02  5.31691825e-04  5.25409818e-01 -5.42895645e-02  1.63791806e-03 -2.73052556e-03
    9.38746706e-03  1.22129917e-02 -3.33269220e-03  8.02826602e-03  1.01497844e-02  1.89798069e+00 -1.72059331e-02 -5.47012500e-03  3.47916759e-03]
  [ 7.70147085e-01  3.66181508e-03 -8.80641514e-04  1.71990320e-03  1.56546896e-03 -6.03833795e-03  9.96758044e-03 -5.12014935e-03  9.74439085e-03  6.05359614e-01  7.67178182e-03 -1.72642618e-03
   -2.71898368e-03  5.99955678e-01  2.28143074e-02  2.16211192e-05  2.95099802e-03 -4.79058996e-02  6.28434680e-03 -8.58024508e-03 -1.06721465e-03 -4.26388159e-02  5.63007891e-01  1.88449230e-02
    2.42381189e-02  5.71229612e-04  5.14792085e-01 -5.00004366e-02  2.06377450e-03 -2.64000450e-03  1.09425336e-02  1.61214173e-03 -6.64987927e-03  8.03363882e-03 -6.36380911e-03  1.80396605e+00
   -2.43233163e-02 -6.34456985e-03  2.88178446e-03  6.73327506e-01 -6.65170327e-03 -4.10149805e-05  1.71156228e-03 -1.03192003e-02 -5.76641783e-03  1.04405247e-02 -4.60474519e-03  2.99546886e-02
    7.05747426e-01  7.28777610e-03 -1.64503604e-03 -2.55767419e-03  6.66402519e-01  4.64614108e-03  9.65825748e-04  2.68966286e-03  1.92158669e-02  1.48851238e-02 -7.67854881e-03 -6.74745534e-04
   -4.26139757e-02  5.54049313e-01  1.79778114e-02  2.46692896e-02  6.19432540e-04  5.46786666e-01 -3.81515026e-02  1.35337049e-03 -2.57157581e-03  8.21282342e-03  1.86402202e-02 -7.77229480e-03
    6.47547375e-03  1.47023574e-02  1.83842087e+00 -2.42092852e-02 -6.33681566e-03  2.89841951e-03  7.17369020e-01 -3.03177722e-03 -8.23345792e-04  1.79603812e-03  8.16200487e-03 -3.65531817e-03
    1.06847715e-02 -5.01809269e-03  2.10459642e-02  7.70657897e-01  7.28105614e-03 -1.71800703e-03 -2.62596505e-03  6.64451182e-01  3.18113118e-02  2.36168911e-04  2.56969640e-03 -1.36487894e-02
    2.04888377e-02 -7.99191184e-03 -5.61586581e-04 -2.29873825e-02  4.62926745e-01  1.74864493e-02  2.42412426e-02  6.04628702e-04  5.29856861e-01 -5.32391295e-02  1.86026609e-03 -2.40373379e-03
    1.49592198e-02  1.57793015e-02 -4.01034905e-03  6.90584071e-03  9.11913812e-03  1.80906725e+00 -2.35619862e-02 -6.38315454e-03  2.76139122e-03]
  [ 7.72228956e-01  3.46750207e-03 -8.60318425e-04  1.69520068e-03  1.75519520e-03 -4.23689187e-03  9.96457506e-03 -5.19010797e-03  8.43549892e-03  6.10128224e-01  7.31129199e-03 -4.58158553e-04
   -2.75029452e-03  6.01560235e-01  2.29321420e-02  1.79690542e-05  2.90461350e-03 -4.89897318e-02  6.79276325e-03 -8.56743567e-03 -1.10082468e-03 -4.34036814e-02  5.57324409e-01  1.84999406e-02
    2.54694484e-02  5.56538114e-04  5.24397194e-01 -4.69944514e-02  2.01452454e-03 -2.63724779e-03  1.12203863e-02  5.77754527e-03 -6.76567806e-03  7.88299181e-03 -6.84451684e-03  1.80388319e+00
   -2.37806849e-02 -6.20262697e-03  2.96273176e-03  6.73274338e-01 -6.28598407e-03  5.56721352e-06  1.68588816e-03 -1.02905724e-02 -3.84989753e-03  1.04347104e-02 -4.67331847e-03  2.91292816e-02
    7.11852133e-01  6.93910010e-03 -3.68423760e-04 -2.58932123e-03  6.68492019e-01  4.76676598e-03  9.40112222e-04  2.67462153e-03  2.01952383e-02  1.50607983e-02 -7.72172399e-03 -6.99871685e-04
   -4.31771874e-02  5.50473034e-01  1.76737383e-02  2.58271582e-02  6.04964327e-04  5.56439698e-01 -3.52842100e-02  1.30477897e-03 -2.56326003e-03  8.37100297e-03  2.29445174e-02 -7.77128711e-03
    6.36770809e-03  1.45002306e-02  1.83644915e+00 -2.37110108e-02 -6.21054135e-03  2.98011466e-03  7.18473613e-01 -3.23225185e-03 -7.84304459e-04  1.76860450e-03  8.11091997e-03 -1.78170577e-03
    1.06867319e-02 -5.08804712e-03  2.17956901e-02  7.76986837e-01  6.91240979e-03 -4.63165343e-04 -2.65755877e-03  6.67580128e-01  3.15910131e-02  2.33641942e-04  2.58848025e-03 -1.44427884e-02
    2.02920604e-02 -8.01031291e-03 -6.00527972e-04 -2.42072195e-02  4.60686743e-01  1.72794312e-02  2.54964717e-02  5.90052921e-04  5.39308965e-01 -5.05671129e-02  1.79360807e-03 -2.40417058e-03
    1.61523446e-02  2.03396827e-02 -4.03585192e-03  6.76641287e-03  9.10528004e-03  1.80829668e+00 -2.30303928e-02 -6.26484677e-03  2.84636137e-03]
  [ 7.66315758e-01  5.40645421e-03 -8.85727000e-04  1.52780709e-03  2.36643944e-04 -5.53132594e-03  1.01275826e-02 -6.15365710e-03  7.89104402e-03  6.02054358e-01  7.28465104e-03 -1.22819096e-03
   -2.80456617e-03  5.92501044e-01  2.28357986e-02  5.19849127e-05  2.92660110e-03 -4.46960293e-02  7.04108924e-03 -8.72698799e-03 -9.60026402e-04 -4.95506488e-02  5.70236623e-01  1.27753001e-02
    2.66133398e-02  4.99379705e-04  5.04611015e-01 -4.92969304e-02  1.97916920e-03 -2.74820859e-03  1.17795486e-02  3.10628116e-03 -6.18381426e-03  8.68322514e-03 -4.62724268e-03  1.86394238e+00
   -1.79888755e-02 -5.61311655e-03  3.30614112e-03  6.70805335e-01 -6.42044656e-03  9.98971518e-06  1.49997743e-03 -1.26179261e-02 -4.30300459e-03  1.05981175e-02 -5.60399564e-03  2.97139883e-02
    7.00554013e-01  6.86434843e-03 -1.14501268e-03 -2.63760448e-03  6.58850133e-01  3.16696987e-03  1.02824275e-03  2.68549705e-03  1.30588822e-02  1.63410734e-02 -7.80123193e-03 -5.29472250e-04
   -4.79891151e-02  5.65804899e-01  1.16589218e-02  2.70879138e-02  5.47939213e-04  5.37037551e-01 -3.67511138e-02  1.24310725e-03 -2.69052736e-03  9.37797688e-03  2.11904123e-02 -7.45248143e-03
    7.11468887e-03  1.64692849e-02  1.89861810e+00 -1.73646249e-02 -5.59855439e-03  3.32447886e-03  7.13852704e-01 -2.09771842e-03 -8.09004297e-04  1.57280103e-03  7.91606866e-03 -2.15220079e-03
    1.08290650e-02 -6.03869371e-03  2.32610926e-02  7.67165005e-01  6.86829910e-03 -1.21085346e-03 -2.70833820e-03  6.55335367e-01  3.15429606e-02  2.55289080e-04  2.56235432e-03 -1.12846922e-02
    2.18910240e-02 -8.12009908e-03 -4.29220498e-04 -2.72013862e-02  4.80883896e-01  1.07614659e-02  2.65885331e-02  5.33607556e-04  5.20079017e-01 -5.17486669e-02  1.78507122e-03 -2.53485003e-03
    1.09302998e-02  1.72730461e-02 -3.51542979e-03  7.54924584e-03  1.05866566e-02  1.87108397e+00 -1.72236077e-02 -5.64227998e-03  3.19470582e-03]
  [ 7.70731807e-01  5.76849096e-03 -7.54431356e-04  1.65378116e-03 -1.37404539e-04 -6.06811419e-03  9.90069658e-03 -7.56248226e-03  9.07935575e-03  5.96335709e-01  5.27203828e-03  2.42169946e-03
   -2.78631505e-03  6.02232099e-01  2.16601118e-02  1.18213939e-04  3.02864797e-03 -4.38872129e-02  6.17207959e-03 -8.47273599e-03 -9.89065040e-04 -3.87332961e-02  5.99543452e-01  1.04941297e-02
    2.95684487e-02  4.41585551e-04  5.18392861e-01 -4.54942733e-02  1.66678056e-03 -2.98235007e-03  1.27892960e-02  3.15716863e-03 -6.58748765e-03  8.92341696e-03 -6.43679500e-03  1.84219885e+00
   -1.37731507e-02 -3.84013727e-03  3.81989544e-03  6.70282781e-01 -6.49411976e-03  2.29711994e-04  1.59017975e-03 -1.34305647e-02 -3.46801430e-03  1.03945043e-02 -6.97684055e-03  2.82235630e-02
    6.98476911e-01  4.84516844e-03  2.52719223e-03 -2.61781504e-03  6.66643918e-01  2.15840712e-03  1.11721503e-03  2.84754764e-03  1.16899684e-02  1.46394307e-02 -7.68036675e-03 -4.86239325e-04
   -3.73426899e-02  6.04760110e-01  9.46715474e-03  2.98968032e-02  4.87921410e-04  5.51400781e-01 -3.43222432e-02  8.91211675e-04 -2.94094486e-03  1.05131380e-02  2.36605331e-02 -7.88949523e-03
    7.40269292e-03  1.55235678e-02  1.86816180e+00 -1.34475790e-02 -3.86547297e-03  3.84410494e-03  7.15057850e-01 -2.02633068e-03 -6.39399514e-04  1.68292457e-03  7.58720096e-03 -2.07417086e-03
    1.05826352e-02 -7.42861442e-03  1.93536915e-02  7.66310334e-01  4.76834318e-03  2.40349025e-03 -2.69071106e-03  6.68263197e-01  3.00731137e-02  3.31277493e-04  2.73698289e-03 -1.10226888e-02
    2.06149854e-02 -7.92152807e-03 -4.28725965e-04 -1.91075709e-02  5.28127313e-01  8.94332677e-03  2.96076424e-02  4.75847744e-04  5.33823848e-01 -4.83690053e-02  1.47336256e-03 -2.80437572e-03
    1.04645956e-02  1.84748247e-02 -3.36737745e-03  7.79539533e-03  8.68437439e-03  1.84619939e+00 -1.31889619e-02 -3.92810814e-03  3.72635736e-03]
  [ 7.73611367e-01  5.88564761e-03 -8.25291325e-04  1.86039484e-03  4.19562683e-04 -3.51266563e-03  1.01057217e-02 -5.70088113e-03  1.05145201e-02  6.21415138e-01  5.92233427e-03  2.55209953e-03
   -2.78952857e-03  6.01136744e-01  2.24213712e-02 -9.36072320e-06  3.02345771e-03 -4.41908240e-02  4.93778940e-03 -8.46199784e-03 -1.23277400e-03 -3.68910618e-02  5.57919919e-01  1.49767902e-02
    2.62315609e-02  4.79456154e-04  5.24588585e-01 -5.11476211e-02  1.85424008e-03 -2.71090609e-03  1.20113865e-02  6.51460886e-03 -6.50277175e-03  8.12075287e-03 -6.40305877e-03  1.81937349e+00
   -1.92991756e-02 -3.22726741e-03  2.94240285e-03  6.72710299e-01 -5.42642176e-03  5.60095068e-05  1.83823355e-03 -1.15352999e-02 -2.78415158e-03  1.06134526e-02 -5.16219763e-03  2.89263204e-02
    7.20451474e-01  5.52760996e-03  2.63254344e-03 -2.62789638e-03  6.67666078e-01  3.94792110e-03  9.62309539e-04  2.78478581e-03  1.50940008e-02  1.32323299e-02 -7.60818087e-03 -8.05392861e-04
   -3.70013043e-02  5.65161049e-01  1.41543671e-02  2.66589392e-02  5.28455246e-04  5.56818187e-01 -4.09998372e-02  1.13147870e-03 -2.65658624e-03  1.08138304e-02  2.44890973e-02 -7.61295157e-03
    6.54243771e-03  1.50729865e-02  1.84311283e+00 -1.93365663e-02 -3.22270207e-03  2.96235550e-03  7.18214691e-01 -1.12569705e-03 -7.62626994e-04  1.91908237e-03  7.99796823e-03 -9.92603600e-04
    1.07776178e-02 -5.59217483e-03  1.96488947e-02  7.81572282e-01  5.49414940e-03  2.55564600e-03 -2.69804313e-03  6.68358982e-01  3.02770808e-02  2.17601948e-04  2.65165791e-03 -1.14345141e-02
    1.95281729e-02 -7.87039660e-03 -7.07502477e-04 -1.88506916e-02  4.97417539e-01  1.38295405e-02  2.62448210e-02  5.13051520e-04  5.39811552e-01 -5.40060997e-02  1.66414131e-03 -2.49074912e-03
    1.19161578e-02  2.08679512e-02 -3.54182255e-03  6.98556146e-03  9.14768875e-03  1.82723022e+00 -1.86294075e-02 -3.26470472e-03  2.82519893e-03]
  [ 7.77095139e-01  4.78825159e-03 -7.58390583e-04  1.86220231e-03  1.14401104e-03 -4.20681015e-03  1.00770090e-02 -5.58966352e-03  1.03653520e-02  6.10140264e-01  6.24636374e-03  1.19876117e-03
   -2.77657853e-03  6.10329926e-01  2.29133815e-02  4.59114090e-05  3.03934468e-03 -4.73601855e-02  5.17621916e-03 -8.49836692e-03 -1.19270757e-03 -3.75645682e-02  5.70193172e-01  1.67337898e-02
    2.62436550e-02  5.48089971e-04  5.23917198e-01 -5.27677611e-02  1.92816486e-03 -2.74041737e-03  1.19112860e-02  3.42401117e-03 -6.78908173e-03  8.01472459e-03 -7.03984499e-03  1.80302024e+00
   -2.12395601e-02 -5.17269410e-03  3.03358119e-03  6.75881326e-01 -5.70673868e-03  1.08100474e-04  1.83356204e-03 -1.07154362e-02 -3.84988263e-03  1.05694393e-02 -5.05722268e-03  2.88871676e-02
    7.12568939e-01  5.86297130e-03  1.28478557e-03 -2.61419895e-03  6.77377641e-01  4.33603674e-03  9.79046104e-04  2.81476742e-03  1.91198401e-02  1.34890964e-02 -7.66875781e-03 -7.63652846e-04
   -3.76879126e-02  5.70115387e-01  1.59578100e-02  2.66102068e-02  5.96369617e-04  5.56817830e-01 -4.19911444e-02  1.20104838e-03 -2.68291263e-03  9.62084346e-03  2.11909637e-02 -7.89374486e-03
    6.46879245e-03  1.45344138e-02  1.83159220e+00 -2.13573240e-02 -5.18116914e-03  3.05270520e-03  7.21708119e-01 -2.10207142e-03 -6.69313013e-04  1.92243722e-03  7.88499322e-03 -1.99823454e-03
    1.07671395e-02 -5.48238866e-03  1.90804973e-02  7.78055847e-01  5.82171045e-03  1.19223446e-03 -2.68366886e-03  6.77672386e-01  3.08788344e-02  2.80444860e-04  2.69424589e-03 -1.33288782e-02
    1.94505043e-02 -7.93544203e-03 -6.72843307e-04 -1.91580057e-02  4.87405598e-01  1.57056935e-02  2.62818485e-02  5.81799541e-04  5.39681792e-01 -5.61489649e-02  1.69171800e-03 -2.52416264e-03
    1.44053297e-02  1.82939246e-02 -3.91138624e-03  6.89280406e-03  8.44053924e-03  1.80780685e+00 -2.05830242e-02 -5.22899255e-03  2.92049837e-03]
  [ 7.71440983e-01  6.07299153e-03 -8.06412660e-04  1.88163528e-03  1.80473784e-03 -3.50748375e-03  9.96748172e-03 -4.30511450e-03  1.13940239e-02  5.99244475e-01  7.05502229e-03 -3.70018184e-04
   -2.68776994e-03  5.73512375e-01  2.43561901e-02 -1.03417959e-04  2.96862191e-03 -4.70584929e-02  6.30475860e-03 -8.25387426e-03 -1.30859157e-03 -3.92351113e-02  5.34889638e-01  1.85630471e-02
    2.28074808e-02  4.94367909e-04  5.10668397e-01 -5.53280935e-02  2.08067591e-03 -2.38580746e-03  9.96712968e-03  7.47539103e-03 -7.21543096e-03  7.45557435e-03 -5.70821762e-03  1.74068987e+00
   -2.39829049e-02 -4.87006083e-03  2.30743922e-03  6.74592555e-01 -3.77314910e-03 -3.72272916e-05  1.91149127e-03 -9.23345983e-03 -2.74174288e-03  1.04103731e-02 -3.80946207e-03  3.12051084e-02
    6.98771119e-01  6.69950712e-03 -2.73048878e-04 -2.53129168e-03  6.45064235e-01  5.26508316e-03  8.70440621e-04  2.68700765e-03  2.09892951e-02  1.36930728e-02 -7.39547797e-03 -9.41246282e-04
   -3.93723547e-02  5.30539989e-01  1.78048611e-02  2.31175516e-02  5.42642665e-04  5.43705821e-01 -4.25945558e-02  1.37853157e-03 -2.29964266e-03  7.48178177e-03  2.42602453e-02 -8.56150128e-03
    5.99490060e-03  1.48472749e-02  1.76896453e+00 -2.40263809e-02 -4.89096530e-03  2.31568539e-03  7.19617844e-01 -5.55383042e-04 -7.86079559e-04  2.02332065e-03  7.96874892e-03 -1.16233900e-03
    1.07067777e-02 -4.21439391e-03  1.91003010e-02  7.60078490e-01  6.68593729e-03 -3.92176211e-04 -2.59587751e-03  6.38926148e-01  3.29183228e-02  1.33472786e-04  2.61769257e-03 -1.33684240e-02
    1.96889192e-02 -7.69270724e-03 -8.24854709e-04 -1.97054222e-02  4.47192550e-01  1.74523219e-02  2.28632074e-02  5.27289114e-04  5.27886748e-01 -5.94743825e-02  1.89541304e-03 -2.12338194e-03
    1.41709447e-02  2.10758820e-02 -4.72255563e-03  6.39245892e-03  8.31193477e-03  1.74482715e+00 -2.32521258e-02 -4.95948829e-03  2.18741666e-03]
  [ 7.99776793e-01  6.46989048e-03 -8.32708320e-04  1.74587267e-03  1.33044133e-03 -2.45555118e-03  1.05208168e-02 -4.20665788e-03  1.18957199e-02  6.14364147e-01  7.99921993e-03 -1.18670613e-03
   -2.95064016e-03  5.38255990e-01  2.60414965e-02 -3.98479169e-05  2.78372341e-03 -4.73376215e-02  7.81021826e-03 -8.44791718e-03 -1.24470284e-03 -4.49685417e-02  5.15251279e-01  1.85527094e-02
    2.33273990e-02  3.04768328e-04  5.13896704e-01 -5.97965717e-02  2.21056445e-03 -2.32426403e-03  9.79454629e-03  1.01618096e-02 -7.27351382e-03  7.64524937e-03 -3.87083739e-03  1.81377709e+00
   -2.47669928e-02 -4.85869870e-03  1.88346813e-03  7.07226634e-01 -3.03726830e-03 -7.45528378e-05  1.79096125e-03 -9.75074526e-03 -1.21311471e-03  1.09714177e-02 -3.70259467e-03  3.37356254e-02
    7.13155150e-01  7.63477758e-03 -1.08124316e-03 -2.79078493e-03  6.17783010e-01  5.53236157e-03  9.37949400e-04  2.49005039e-03  2.07451321e-02  1.51634868e-02 -7.56531395e-03 -8.87345523e-04
   -4.46869060e-02  5.08745492e-01  1.76266506e-02  2.36303154e-02  3.54519812e-04  5.47705948e-01 -4.52683717e-02  1.50729902e-03 -2.22163787e-03  6.99827634e-03  2.68875435e-02 -8.78560729e-03
    6.20163791e-03  1.63597092e-02  1.84579551e+00 -2.43920740e-02 -4.88206372e-03  1.88831636e-03  7.51278818e-01 -2.04626471e-04 -8.05640710e-04  1.91071793e-03  8.10244679e-03  5.41392714e-04
    1.12952311e-02 -4.11887607e-03  2.06950717e-02  7.74599135e-01  7.64903193e-03 -1.21156126e-03 -2.85497447e-03  6.02923036e-01  3.49051431e-02  1.97912101e-04  2.45677168e-03 -1.29473433e-02
    2.07021460e-02 -7.88257085e-03 -7.62774609e-04 -2.29953229e-02  4.24255669e-01  1.69171616e-02  2.33757906e-02  3.38731334e-04  5.32684863e-01 -6.38531521e-02  2.01233383e-03 -2.04696553e-03
    1.25679113e-02  2.35548839e-02 -4.96535562e-03  6.58620615e-03  9.10759717e-03  1.82001901e+00 -2.39343792e-02 -4.96077538e-03  1.76290027e-03]
  [ 7.90135980e-01  6.15441427e-03 -7.80540984e-04  1.53305510e-03  1.28611457e-04 -6.58324361e-03  1.05683692e-02 -5.53768920e-03  8.96552205e-03  6.17571652e-01  8.04794207e-03 -2.81929970e-03
   -2.98852567e-03  5.73931396e-01  2.43816040e-02  8.06736061e-05  2.79917940e-03 -4.38157544e-02  6.89783227e-03 -8.72592069e-03 -9.80861485e-04 -4.99474593e-02  5.53943396e-01  1.51332170e-02
    2.62878034e-02  4.09064232e-04  5.15778303e-01 -5.51242344e-02  2.09765765e-03 -2.52518337e-03  1.17243938e-02 -1.51074678e-03 -6.66037994e-03  8.38640798e-03 -2.88902223e-03  1.84412193e+00
   -2.08141543e-02 -6.27508387e-03  2.76695192e-03  6.93899632e-01 -4.64356691e-03  4.39679716e-05  1.50380633e-03 -1.20618949e-02 -5.13419509e-03  1.10194813e-02 -5.00787469e-03  3.14508714e-02
    7.16818571e-01  7.63848377e-03 -2.72721052e-03 -2.82311463e-03  6.46206498e-01  4.03455272e-03  1.02674938e-03  2.57091364e-03  1.43240131e-02  1.56036988e-02 -7.83655792e-03 -5.77017665e-04
   -4.91959751e-02  5.43606162e-01  1.40026920e-02  2.67059729e-02  4.57860064e-04  5.48744261e-01 -4.25403789e-02  1.37839373e-03 -2.46175332e-03  9.95942391e-03  1.60045624e-02 -7.90174492e-03
    6.92060124e-03  1.81459561e-02  1.87884068e+00 -2.00949274e-02 -6.27275184e-03  2.78151617e-03  7.38359094e-01 -9.74515453e-04 -7.04809907e-04  1.59194681e-03  7.80948345e-03 -2.97555700e-03
    1.12783257e-02 -5.42797055e-03  2.32014284e-02  7.79977441e-01  7.65340729e-03 -2.81286985e-03 -2.89157103e-03  6.38137639e-01  3.27710211e-02  3.13939294e-04  2.47488194e-03 -1.06677357e-02
    2.09070407e-02 -8.15356150e-03 -4.79608774e-04 -2.69833803e-02  4.54422116e-01  1.30302683e-02  2.62777992e-02  4.43496974e-04  5.32888651e-01 -5.75498678e-02  1.86228356e-03 -2.31460854e-03
    9.75234527e-03  1.23194680e-02 -4.06145398e-03  7.28695281e-03  1.18452385e-02  1.84988213e+00 -2.00303532e-02 -6.32778555e-03  2.65705516e-03]
  [ 7.87063003e-01  7.27475993e-03 -7.41263560e-04  1.64219376e-03 -3.56066972e-04 -8.50802660e-03  1.03193354e-02 -8.21443368e-03  7.31449202e-03  6.16287112e-01  7.71545107e-03 -7.01993704e-04
   -2.95826886e-03  6.05181932e-01  2.33013593e-02  2.08734884e-04  3.10880691e-03 -4.45192978e-02  5.07238880e-03 -8.68793018e-03 -9.51677561e-04 -5.33596538e-02  5.73917925e-01  1.23126395e-02
    2.87368149e-02  4.31404449e-04  5.10545731e-01 -5.25079221e-02  1.70059525e-03 -2.88239773e-03  1.27887223e-02 -4.81686741e-03 -6.37212722e-03  9.88044310e-03 -4.32949513e-03  1.88661182e+00
   -1.65566280e-02 -5.85726649e-03  3.92977241e-03  6.88637018e-01 -6.21505827e-03  2.35807151e-04  1.56436628e-03 -1.38404295e-02 -6.58708066e-03  1.07960645e-02 -7.59516750e-03  3.06055285e-02
    7.16455877e-01  7.23559503e-03 -6.20536506e-04 -2.78498139e-03  6.71946168e-01  2.22525001e-03  1.15477736e-03  2.86996551e-03  1.18620433e-02  1.56054348e-02 -7.70115200e-03 -4.19060700e-04
   -5.03446683e-02  5.71973920e-01  1.10525973e-02  2.92497110e-02  4.80893534e-04  5.44863760e-01 -4.08170708e-02  8.63870140e-04 -2.86098896e-03  1.04322154e-02  1.59521103e-02 -7.88344070e-03
    8.18702765e-03  1.82696879e-02  1.91775203e+00 -1.58856139e-02 -5.84075600e-03  3.95492930e-03  7.31646478e-01 -9.90770757e-04 -5.96149825e-04  1.65589782e-03  7.82483816e-03 -4.52606380e-03
    1.10056801e-02 -8.07477906e-03  2.48141810e-02  7.81746387e-01  7.20938249e-03 -6.80938363e-04 -2.85705575e-03  6.69537544e-01  3.23244035e-02  4.00411955e-04  2.67641153e-03 -1.03681367e-02
    2.20512338e-02 -8.01921636e-03 -3.35860532e-04 -2.78216414e-02  4.90620375e-01  1.01024099e-02  2.87131518e-02  4.66746860e-04  5.26914477e-01 -5.38804047e-02  1.45609386e-03 -2.70552700e-03
    9.37619433e-03  1.06204823e-02 -3.42292991e-03  8.68307799e-03  1.14674121e-02  1.89375532e+00 -1.58915669e-02 -5.88139147e-03  3.82315251e-03]
  [ 7.93841243e-01  3.60803120e-03 -8.42982554e-04  1.42696267e-03  2.35131010e-05 -8.62357765e-03  1.02794422e-02 -6.98783621e-03  8.28049332e-03  6.31469250e-01  7.42495572e-03 -1.65487081e-03
   -3.03943595e-03  5.90319216e-01  2.33255923e-02  1.67336548e-04  2.80045671e-03 -4.55910936e-02  8.17718729e-03 -8.77661817e-03 -9.53620300e-04 -4.73135822e-02  5.52480757e-01  1.35271903e-02
    2.98333429e-02  3.50097427e-04  5.31874895e-01 -4.62234691e-02  1.93194463e-03 -2.89908191e-03  1.29169747e-02 -2.65565515e-03 -6.62917132e-03  8.91443249e-03 -5.76248765e-03  1.87120938e+00
   -1.81609802e-02 -6.51286356e-03  3.51641700e-03  6.95752144e-01 -7.07890466e-03  1.27683743e-04  1.35625526e-03 -1.32505978e-02 -6.09795749e-03  1.07436981e-02 -6.41753478e-03  3.00620012e-02
    7.33214557e-01  6.99499389e-03 -1.54304504e-03 -2.87087262e-03  6.57945156e-01  3.03748250e-03  1.06583792e-03  2.63469061e-03  1.29847005e-02  1.66661181e-02 -7.97075871e-03 -4.86531761e-04
   -4.60441671e-02  5.43663144e-01  1.22987889e-02  3.01492102e-02  3.98510718e-04  5.64164579e-01 -3.31495255e-02  1.16595847e-03 -2.83973990e-03  1.07005462e-02  1.69459581e-02 -7.75084924e-03
    7.45383464e-03  1.61423683e-02  1.90258741e+00 -1.73099041e-02 -6.53702207e-03  3.53821763e-03  7.40269780e-01 -3.77883203e-03 -6.97775278e-04  1.45531574e-03  7.76358228e-03 -4.06838581e-03
    1.10139735e-02 -6.85994420e-03  2.23132744e-02  7.95919299e-01  6.95693120e-03 -1.66995823e-03 -2.94121029e-03  6.55520916e-01  3.23014297e-02  3.76821263e-04  2.56324466e-03 -1.18830185e-02
    2.12589316e-02 -8.24530236e-03 -4.18369193e-04 -2.57660151e-02  4.55896020e-01  1.13346875e-02  2.98528671e-02  3.84812127e-04  5.47039986e-01 -4.87913080e-02  1.67274196e-03 -2.71793269e-03
    1.07060177e-02  1.24099702e-02 -3.61680612e-03  7.77678750e-03  9.68621671e-03  1.87508690e+00 -1.74028520e-02 -6.61125407e-03  3.41670099e-03]
  [ 7.86652565e-01  5.54094464e-03 -6.18784339e-04  1.75980153e-03  1.97108602e-03 -6.19579479e-03  1.02135586e-02 -7.11645512e-03  9.90587473e-03  5.69841385e-01  7.73491478e-03  2.04729289e-03
   -2.90242583e-03  6.05245769e-01  2.25665085e-02  2.00842856e-04  3.00392834e-03 -5.19807786e-02  6.27620518e-03 -8.49563163e-03 -1.08911935e-03 -4.48191240e-02  5.33344865e-01  1.75095201e-02
    2.80583538e-02  4.68253507e-04  5.18023133e-01 -4.42195088e-02  1.84293103e-03 -2.81350105e-03  1.16728917e-02  2.96264887e-04 -6.62766257e-03  8.78358074e-03 -6.34463131e-03  1.75160682e+00
   -2.21080836e-02 -5.61197102e-03  3.71797709e-03  6.89086854e-01 -5.86085580e-03  3.39846709e-04  1.71932252e-03 -1.09839328e-02 -4.46923822e-03  1.06576607e-02 -6.54080883e-03  3.21275741e-02
    6.72586203e-01  7.31487107e-03  2.15874612e-03 -2.73792702e-03  6.72063470e-01  2.67433375e-03  1.08794728e-03  2.79256166e-03  2.21805722e-02  1.47803538e-02 -7.68387364e-03 -5.89028466e-04
   -4.39171717e-02  5.37745059e-01  1.64822564e-02  2.82963533e-02  5.16152242e-04  5.52602172e-01 -3.15457135e-02  1.03270577e-03 -2.76293722e-03  7.07813399e-03  2.04896256e-02 -8.13246705e-03
    7.26233423e-03  1.64664537e-02  1.77702141e+00 -2.17887703e-02 -5.65506518e-03  3.73828388e-03  7.32457995e-01 -2.92433612e-03 -4.62224009e-04  1.83971459e-03  7.58808618e-03 -2.96211615e-03
    1.09943803e-02 -6.99379994e-03  2.17212737e-02  7.41090477e-01  7.26441666e-03  2.01082975e-03 -2.80360412e-03  6.70630634e-01  3.23792696e-02  4.16563242e-04  2.70148320e-03 -1.54573768e-02
    2.08905302e-02 -7.95996096e-03 -5.14465850e-04 -2.17985306e-02  4.55596477e-01  1.58579275e-02  2.81433500e-02  5.01842471e-04  5.34429789e-01 -4.84609604e-02  1.57678244e-03 -2.60627037e-03
    1.64990816e-02  1.62599236e-02 -3.65914870e-03  7.65457004e-03  8.75066966e-03  1.75375438e+00 -2.14225426e-02 -5.73579408e-03  3.61586758e-03]
  [ 7.70292878e-01  7.68319611e-03 -6.30983501e-04  1.84381951e-03  2.33916240e-03 -5.79162315e-03  1.05679296e-02 -5.43934153e-03  1.23588145e-02  5.50606251e-01  8.83397367e-03 -3.32236290e-04
   -2.83816527e-03  5.82291305e-01  2.34877951e-02  6.75292686e-05  2.90904823e-03 -5.19443899e-02  6.05042279e-03 -8.48612189e-03 -1.12583721e-03 -4.77131903e-02  5.16641796e-01  1.94819346e-02
    2.39492618e-02  5.27230790e-04  4.89162743e-01 -5.46514839e-02  2.09637359e-03 -2.44082790e-03  1.01719033e-02  4.70221043e-04 -6.30148407e-03  8.26290064e-03 -3.24507803e-03  1.71446073e+00
   -2.57289112e-02 -5.70490584e-03  2.82388320e-03  6.76322460e-01 -3.75824049e-03  1.78212998e-04  1.86124886e-03 -9.36050154e-03 -4.71090525e-03  1.09904045e-02 -4.90991538e-03  3.56739797e-02
    6.50627017e-01  8.43219645e-03 -2.27250159e-04 -2.67898710e-03  6.54340327e-01  2.74004787e-03  1.01101294e-03  2.61133444e-03  2.52419934e-02  1.38837975e-02 -7.58942356e-03 -7.06023537e-04
   -4.78269234e-02  5.16530097e-01  1.84655264e-02  2.42397357e-02  5.75564220e-04  5.24325609e-01 -4.07281257e-02  1.33290747e-03 -2.37345067e-03  5.27869584e-03  1.87984481e-02 -8.06916691e-03
    6.76134974e-03  1.86829418e-02  1.74439061e+00 -2.53377650e-02 -5.73476218e-03  2.83313286e-03  7.19247341e-01 -7.60978088e-04 -5.57755469e-04  1.99657399e-03  7.55245890e-03 -3.21319699e-03
    1.13967890e-02 -5.33958944e-03  2.20179372e-02  7.19116151e-01  8.44937004e-03 -3.61405313e-04 -2.74033891e-03  6.46158516e-01  3.33804563e-02  2.99927488e-04  2.52080709e-03 -1.52291264e-02
    2.08040364e-02 -7.93425459e-03 -5.87526709e-04 -2.26356350e-02  4.29735005e-01  1.76440515e-02  2.40199603e-02  5.60145359e-04  5.07849693e-01 -5.94209656e-02  1.87144417e-03 -2.18471512e-03
    1.60077494e-02  1.48932263e-02 -3.82781215e-03  7.16868229e-03  1.03413016e-02  1.71772432e+00 -2.49250792e-02 -5.81636466e-03  2.70814146e-03]
  [ 7.81348646e-01  6.54029287e-03 -7.09460874e-04  1.69435295e-03  1.91511167e-03 -3.99205089e-03  1.04921125e-02 -4.83850110e-03  1.15391649e-02  5.81007242e-01  8.01524147e-03 -4.81992960e-04
   -2.93794251e-03  5.57312727e-01  2.47487463e-02  1.06302323e-05  2.71744700e-03 -5.00595979e-02  7.97834806e-03 -8.38788785e-03 -1.17002847e-03 -4.47723232e-02  5.04924476e-01  1.85342338e-02
    2.53822431e-02  3.87540786e-04  5.02204895e-01 -5.21898568e-02  2.18627090e-03 -2.37152283e-03  1.02951862e-02  6.36257231e-03 -6.81960071e-03  7.61397555e-03 -3.77910212e-03  1.74444795e+00
   -2.45741308e-02 -5.86812571e-03  2.43306765e-03  6.88318074e-01 -3.05914506e-03  9.26697394e-05  1.71995210e-03 -9.60315112e-03 -2.10997090e-03  1.09127490e-02 -4.33093542e-03  3.41266170e-02
    6.81512594e-01  7.65153673e-03 -3.56167555e-04 -2.77917273e-03  6.32732451e-01  4.15160134e-03  9.45628854e-04  2.48120609e-03  2.31419019e-02  1.46615058e-02 -7.62107503e-03 -7.80437607e-04
   -4.48952429e-02  4.97924656e-01  1.75728835e-02  2.55299006e-02  4.35354887e-04  5.36552846e-01 -3.73604707e-02  1.45363994e-03 -2.27426691e-03  6.31876057e-03  2.40780488e-02 -8.40775110e-03
    6.28451910e-03  1.71191543e-02  1.77534854e+00 -2.41036769e-02 -5.92887588e-03  2.43900600e-03  7.32141435e-01 -1.04291737e-03 -6.43335399e-04  1.85267115e-03  7.62250740e-03 -7.86595047e-04
    1.13046980e-02 -4.74213669e-03  2.04922333e-02  7.46042430e-01  7.64678791e-03 -5.38788736e-04 -2.84123840e-03  6.21498168e-01  3.41109522e-02  2.51674559e-04  2.49163737e-03 -1.47435479e-02
    2.02682726e-02 -7.91421812e-03 -6.86033629e-04 -2.20713113e-02  4.07646477e-01  1.68239586e-02  2.54869275e-02  4.20731842e-04  5.21016061e-01 -5.73403388e-02  1.96005451e-03 -2.11664150e-03
    1.45740723e-02  2.05759630e-02 -4.34440095e-03  6.58961199e-03  9.07501578e-03  1.74649191e+00 -2.37874463e-02 -6.03066199e-03  2.32788897e-03]
  [ 7.78320551e-01  4.45380807e-03 -7.28992047e-04  1.64328679e-03  1.48319686e-03 -7.73378089e-03  1.01772174e-02 -5.54621033e-03  1.10595338e-02  5.86891234e-01  6.80518849e-03 -5.34988940e-04
   -2.92144297e-03  5.65714657e-01  2.27957368e-02  2.54303450e-05  2.72551156e-03 -4.88079265e-02  7.80119281e-03 -8.28580558e-03 -1.14064012e-03 -4.00254466e-02  5.00796735e-01  1.48749370e-02
    2.66404133e-02  3.29878065e-04  5.22381842e-01 -4.92835715e-02  1.99666619e-03 -2.49759387e-03  1.12039577e-02 -1.07942522e-03 -6.97955582e-03  7.83887319e-03 -5.49034402e-03  1.71339524e+00
   -1.97421908e-02 -5.49261272e-03  2.63999682e-03  6.81235433e-01 -4.60932404e-03  1.26539730e-04  1.62927818e-03 -1.00943996e-02 -4.94651124e-03  1.05947582e-02 -5.02909208e-03  3.19475830e-02
    6.87379241e-01  6.42548827e-03 -3.95990908e-04 -2.76531256e-03  6.37060344e-01  2.77779251e-03  9.45916574e-04  2.53381510e-03  2.09157206e-02  1.35204624e-02 -7.59062730e-03 -7.30644446e-04
   -4.05718759e-02  4.94707227e-01  1.38170086e-02  2.67270785e-02  3.76518350e-04  5.54774702e-01 -3.61688510e-02  1.27002946e-03 -2.41538440e-03  8.07683542e-03  1.77244321e-02 -8.20004754e-03
    6.56019431e-03  1.60106197e-02  1.73915851e+00 -1.91209093e-02 -5.56741096e-03  2.65197759e-03  7.26645231e-01 -2.73847580e-03 -6.35914854e-04  1.77918340e-03  7.41915777e-03 -3.62549350e-03
    1.09923072e-02 -5.43872314e-03  1.91869810e-02  7.47982204e-01  6.37840573e-03 -6.01723790e-04 -2.82695657e-03  6.32739723e-01  3.14783342e-02  2.69413576e-04  2.54108058e-03 -1.43634193e-02
    1.86115056e-02 -7.85130821e-03 -6.55121636e-04 -2.03494430e-02  4.09144521e-01  1.30604096e-02  2.67506409e-02  3.62606486e-04  5.38898528e-01 -5.38649410e-02  1.76036044e-03 -2.27674330e-03
    1.40365278e-02  1.31760985e-02 -4.06387122e-03  6.78373594e-03  8.25472176e-03  1.71354270e+00 -1.89533457e-02 -5.68228588e-03  2.53987522e-03]
  [ 7.82213330e-01  4.15917858e-03 -7.65869161e-04  1.59813208e-03  2.40462366e-04 -9.21455398e-03  9.94687621e-03 -6.59346255e-03  1.01298392e-02  6.03109717e-01  5.76574914e-03 -7.80366361e-04
   -2.96266074e-03  5.64849019e-01  2.27466635e-02  4.82698670e-05  2.77386210e-03 -4.50688265e-02  7.51995668e-03 -8.29315558e-03 -1.15286233e-03 -3.91625725e-02  5.13454556e-01  1.09796189e-02
    2.82982308e-02  2.38325098e-04  5.32267392e-01 -5.07859662e-02  1.82322180e-03 -2.68261088e-03  1.23270899e-02 -4.90501523e-03 -7.07408460e-03  8.42654705e-03 -6.60532713e-03  1.75589180e+00
   -1.48400124e-02 -5.44389337e-03  3.00790183e-03  6.81575835e-01 -5.53696789e-03  1.42770004e-04  1.54166447e-03 -1.17485998e-02 -6.10039383e-03  1.03830788e-02 -6.04220387e-03  2.96483841e-02
    7.02369273e-01  5.35866059e-03 -6.50160015e-04 -2.80349678e-03  6.35536194e-01  2.42519006e-03  9.69866174e-04  2.60427315e-03  1.55682564e-02  1.39607964e-02 -7.57286977e-03 -6.96746167e-04
   -3.86563726e-02  5.07619739e-01  9.86178592e-03  2.84571350e-02  2.84799957e-04  5.64231396e-01 -3.84450108e-02  1.07171223e-03 -2.62388238e-03  1.04213767e-02  1.49123669e-02 -8.17731582e-03
    7.08003482e-03  1.51969083e-02  1.78122675e+00 -1.41996462e-02 -5.50430454e-03  3.02607403e-03  7.28293896e-01 -2.76790559e-03 -6.44754386e-04  1.68485870e-03  7.26096332e-03 -4.63885814e-03
    1.07069537e-02 -6.47101225e-03  1.85990818e-02  7.60875821e-01  5.28567564e-03 -8.31358135e-04 -2.86844792e-03  6.33127451e-01  3.08178402e-02  2.81952380e-04  2.56310916e-03 -1.21299978e-02
    1.89254191e-02 -7.82264024e-03 -6.36208802e-04 -2.00131088e-02  4.26177263e-01  9.13475826e-03  2.83794869e-02  2.71504396e-04  5.48346341e-01 -5.40782958e-02  1.57098449e-03 -2.49864487e-03
    1.09264711e-02  9.71236080e-03 -3.95277934e-03  7.33472127e-03  7.87349045e-03  1.75747705e+00 -1.41223222e-02 -5.60507551e-03  2.91158748e-03]
  [ 7.84779966e-01  3.82735394e-03 -7.92445149e-04  1.53077801e-03  5.66855539e-04 -9.72558931e-03  1.03272265e-02 -5.98635152e-03  8.38196278e-03  6.04318559e-01  8.15788191e-03 -3.76291573e-03
   -2.92024435e-03  5.88858247e-01  2.28824206e-02  1.26625411e-04  2.84503726e-03 -4.60880660e-02  6.75125327e-03 -8.65063816e-03 -9.46448185e-04 -4.95670103e-02  5.53798079e-01  1.64771974e-02
    2.71870252e-02  4.63248347e-04  5.25007725e-01 -5.66730425e-02  1.99327432e-03 -2.64312141e-03  1.23456903e-02 -6.40326738e-03 -6.86425483e-03  8.61068256e-03 -4.20989841e-03  1.80662966e+00
   -2.18913350e-02 -7.14875199e-03  2.91045289e-03  6.86666191e-01 -6.34212419e-03  5.97996404e-05  1.47827924e-03 -1.15331151e-02 -7.97966495e-03  1.07627371e-02 -5.44873392e-03  3.07306126e-02
    7.05150604e-01  7.74632208e-03 -3.65863740e-03 -2.75699887e-03  6.57096386e-01  2.53201649e-03  1.05226156e-03  2.62766262e-03  1.64375491e-02  1.45960310e-02 -7.78694451e-03 -5.26090153e-04
   -4.89518568e-02  5.40998995e-01  1.53568462e-02  2.75436509e-02  5.11341961e-04  5.56857467e-01 -4.45031673e-02  1.26863597e-03 -2.58887955e-03  1.00192521e-02  1.20063722e-02 -7.87758734e-03
    7.14610144e-03  1.75389349e-02  1.84114122e+00 -2.12715752e-02 -7.16191716e-03  2.92803557e-03  7.31498480e-01 -3.07548232e-03 -6.84279017e-04  1.59398036e-03  7.71368062e-03 -5.84586337e-03
    1.10873422e-02 -5.87314554e-03  2.31550410e-02  7.69354582e-01  7.72042479e-03 -3.76903266e-03 -2.82372069e-03  6.54834390e-01  3.10572945e-02  3.57138808e-04  2.52220128e-03 -1.20829158e-02
    1.97476745e-02 -8.10753834e-03 -4.31845896e-04 -2.77365409e-02  4.46409881e-01  1.45334043e-02  2.71962956e-02  4.97333705e-04  5.40309668e-01 -5.90092801e-02  1.72829581e-03 -2.44606752e-03
    1.19730262e-02  7.60272890e-03 -4.04251833e-03  7.47376774e-03  1.10137761e-02  1.80967343e+00 -2.10908279e-02 -7.23231956e-03  2.80033029e-03]
  [ 7.87445068e-01  6.78535923e-03 -8.00848764e-04  1.85527280e-03  2.26765545e-03 -6.47407025e-03  1.07312500e-02 -4.89497371e-03  1.12571120e-02  5.86390376e-01  9.85883456e-03 -2.56218016e-03
   -2.80471984e-03  5.97101986e-01  2.40496621e-02  9.48910601e-05  3.01651610e-03 -5.08621261e-02  5.23986388e-03 -8.58546328e-03 -1.02728745e-03 -5.05506806e-02  5.35228908e-01  2.33590137e-02
    2.31474452e-02  6.24113251e-04  5.04577041e-01 -5.88107333e-02  2.12070812e-03 -2.40996503e-03  1.03032365e-02  1.45496428e-03 -6.50504092e-03  8.39061011e-03 -3.08596343e-03  1.79469371e+00
   -3.01176831e-02 -6.34750724e-03  2.47626845e-03  6.94539607e-01 -4.60051000e-03 -1.72976870e-05  1.88195345e-03 -9.29288100e-03 -6.10182807e-03  1.11888601e-02 -4.37310105e-03  3.50152776e-02
    6.85742676e-01  9.45986435e-03 -2.47647613e-03 -2.64273328e-03  6.66681588e-01  3.76370549e-03  1.06480764e-03  2.67438032e-03  2.33267471e-02  1.36150410e-02 -7.57455546e-03 -6.43537380e-04
   -5.04494719e-02  5.27766705e-01  2.24124379e-02  2.36004163e-02  6.74469047e-04  5.38485706e-01 -4.55778316e-02  1.38400635e-03 -2.33766530e-03  6.34484505e-03  1.88696831e-02 -8.06423370e-03
    6.77381596e-03  1.84109211e-02  1.83038867e+00 -2.99129840e-02 -6.33991882e-03  2.48656259e-03  7.36297429e-01 -8.66111368e-04 -7.56899128e-04  1.99951767e-03  8.47373158e-03 -4.19880450e-03
    1.15371607e-02 -4.80148569e-03  2.39307359e-02  7.52291143e-01  9.48622264e-03 -2.55797058e-03 -2.70707533e-03  6.60793006e-01  3.37001197e-02  3.11392709e-04  2.54113553e-03 -1.43220071e-02
    2.06430387e-02 -7.95036741e-03 -4.95627522e-04 -2.62661465e-02  4.36524034e-01  2.17231847e-02  2.31577307e-02  6.57952740e-04  5.21308899e-01 -6.23384081e-02  1.91490771e-03 -2.13498389e-03
    1.60064325e-02  1.49996653e-02 -4.09264630e-03  7.24284444e-03  1.11322254e-02  1.80095446e+00 -2.92674396e-02 -6.39968179e-03  2.34502205e-03]
  [ 7.74195194e-01  2.31599715e-03 -8.14972504e-04  1.68415916e-03  1.91634661e-03 -8.20807368e-03  9.99423862e-03 -5.11714630e-03  8.71368498e-03  5.82870245e-01  8.71818699e-03 -3.98204476e-03
   -2.71529984e-03  5.93210340e-01  2.16476321e-02  4.41786251e-05  2.92518921e-03 -4.98991050e-02  6.65493682e-03 -8.55066627e-03 -9.56141390e-04 -4.88142706e-02  5.50866067e-01  2.12957375e-02
    2.21544355e-02  5.90240234e-04  5.16049266e-01 -5.84810488e-02  2.08398304e-03 -2.41450034e-03  1.04201045e-02 -1.04705244e-03 -7.23236520e-03  8.20448250e-03 -5.02820313e-03  1.74523473e+00
   -2.74714138e-02 -7.17644393e-03  2.55520316e-03  6.77694023e-01 -7.33071193e-03 -2.55176565e-05  1.68390817e-03 -9.24298912e-03 -7.63382390e-03  1.04245376e-02 -4.60644625e-03  3.13569307e-02
    6.83451235e-01  8.33620504e-03 -3.89026105e-03 -2.55824602e-03  6.62451446e-01  2.92747840e-03  9.82532976e-04  2.62451521e-03  2.27991268e-02  1.43645527e-02 -7.61453900e-03 -5.72351739e-04
   -4.87534516e-02  5.35931170e-01  2.04015225e-02  2.25489065e-02  6.37873542e-04  5.47712266e-01 -4.67937626e-02  1.38830370e-03 -2.35349522e-03  7.12888641e-03  1.63427442e-02 -8.27747956e-03
    6.65972102e-03  1.66265480e-02  1.78180361e+00 -2.73517650e-02 -7.17722066e-03  2.56984378e-03  7.22146869e-01 -4.14070673e-03 -7.48277642e-04  1.80994580e-03  7.83747807e-03 -5.46440110e-03
    1.07863424e-02 -5.01937512e-03  2.34452747e-02  7.48800874e-01  8.31527542e-03 -3.98046523e-03 -2.62188865e-03  6.59158647e-01  3.06118280e-02  2.68998789e-04  2.49375263e-03 -1.45751387e-02
    1.99783910e-02 -7.97078852e-03 -4.45158221e-04 -2.76956018e-02  4.36217129e-01  1.99223347e-02  2.21641324e-02  6.23171218e-04  5.31222820e-01 -6.17960431e-02  1.85860065e-03 -2.17069546e-03
    1.62221119e-02  1.26911476e-02 -4.63329349e-03  7.05583114e-03  1.04391128e-02  1.74794495e+00 -2.66307276e-02 -7.24100880e-03  2.42919079e-03]
  [ 8.02658319e-01  5.17192855e-03 -7.23400037e-04  1.66381826e-03  3.11212474e-03 -1.68506801e-03  1.03984801e-02 -4.18852502e-03  8.91550258e-03  5.64602792e-01  9.44393035e-03 -1.64677948e-03
   -2.75081000e-03  5.64689517e-01  2.46761590e-02  6.21973886e-05  2.80347257e-03 -5.21186516e-02  8.18237010e-03 -8.27959739e-03 -1.00680161e-03 -4.97243479e-02  5.07602692e-01  2.50473078e-02
    2.28796452e-02  5.22666145e-04  5.14988601e-01 -5.42447865e-02  2.23566103e-03 -2.12394842e-03  9.02151037e-03  1.32461786e-02 -7.69030489e-03  7.32596684e-03 -3.27768549e-03  1.71366251e+00
   -3.19024324e-02 -6.45587966e-03  2.10266002e-03  7.13172138e-01 -3.80021334e-03  3.38103855e-05  1.73216825e-03 -7.85961188e-03 -5.11333346e-04  1.08014252e-02 -3.70346638e-03  3.35337371e-02
    6.64485097e-01  9.11366940e-03 -1.52950734e-03 -2.59647029e-03  6.38051271e-01  4.65268642e-03  1.00231636e-03  2.51326174e-03  2.67841890e-02  1.51871406e-02 -7.45074917e-03 -6.52251765e-04
   -4.96210083e-02  4.95997757e-01  2.42909975e-02  2.30667703e-02  5.70119009e-04  5.48910916e-01 -3.97291854e-02  1.53825781e-03 -2.01967009e-03  4.51025506e-03  2.99667418e-02 -9.14886966e-03
    5.95986377e-03  1.73088983e-02  1.74879491e+00 -3.18585336e-02 -6.50512613e-03  2.10654899e-03  7.54848659e-01 -1.96018070e-03 -6.72079390e-04  1.86161208e-03  8.15185998e-03  8.98122787e-04
    1.12250978e-02 -4.10309853e-03  2.31887419e-02  7.30753124e-01  9.10311192e-03 -1.69383734e-03 -2.65666191e-03  6.27825379e-01  3.39455642e-02  2.99197331e-04  2.51870276e-03 -1.62008218e-02
    2.06722766e-02 -7.75871333e-03 -5.37510030e-04 -2.70720813e-02  3.98351848e-01  2.38736644e-02  2.29743421e-02  5.55373845e-04  5.32282889e-01 -5.94936609e-02  2.01287516e-03 -1.83549989e-03
    1.80675425e-02  2.69165039e-02 -5.41971624e-03  6.30109012e-03  9.87274945e-03  1.71554565e+00 -3.11051607e-02 -6.60073012e-03  1.98766706e-03]
  [ 8.10661316e-01  7.94153474e-03 -6.96158386e-04  1.30731624e-03  2.84797931e-03 -2.35258043e-03  1.12430472e-02 -3.36076622e-03  8.30420852e-03  5.36233366e-01  1.23787690e-02 -7.00947642e-03
   -3.00682127e-03  4.99446958e-01  2.58769542e-02  8.23922455e-05  2.28483230e-03 -4.96833622e-02  9.50075965e-03 -8.62759911e-03 -5.65321185e-04 -6.54293001e-02  4.72428858e-01  2.65574045e-02
    1.94507577e-02  3.82184051e-04  5.11771560e-01 -5.31847291e-02  2.40367907e-03 -1.47309108e-03  7.58551201e-03  1.03520155e-02 -6.99396757e-03  7.59358797e-03  3.48100066e-03  1.70385683e+00
   -3.57233211e-02 -8.13877210e-03  1.30075379e-03  7.23649561e-01 -8.45994800e-04 -8.60576984e-05  1.40584842e-03 -7.84174912e-03 -1.09476596e-03  1.16104325e-02 -2.91030342e-03  3.83823887e-02
    6.28435969e-01  1.20352050e-02 -6.90779835e-03 -2.85509950e-03  5.84639788e-01  5.18784299e-03  1.03187549e-03  1.93567912e-03  2.57653110e-02  1.67630315e-02 -7.66309723e-03 -2.83728354e-04
   -6.54195920e-02  4.48218226e-01  2.54801810e-02  1.98111385e-02  4.30000713e-04  5.45251429e-01 -3.93000469e-02  1.77544437e-03 -1.37512828e-03  3.27755744e-03  2.52183229e-02 -8.43469426e-03
    6.26943074e-03  2.39231549e-02  1.75035560e+00 -3.48929651e-02 -8.14409554e-03  1.30100758e-03  7.66183078e-01  8.22734088e-04 -6.84382045e-04  1.52449100e-03  8.07861425e-03  9.90673900e-04
    1.20980684e-02 -3.28860478e-03  3.09298150e-02  6.93652689e-01  1.21128317e-02 -7.01170415e-03 -2.91137584e-03  5.62272549e-01  3.58791463e-02  3.32529307e-04  1.92513817e-03 -1.37750730e-02
    2.21783780e-02 -8.08273070e-03 -1.32475980e-04 -3.73266190e-02  3.41421306e-01  2.43177675e-02  1.94441304e-02  4.14551934e-04  5.31198740e-01 -5.75034097e-02  2.17510574e-03 -1.17116142e-03
    1.64973661e-02  2.19784975e-02 -5.11269132e-03  6.57757325e-03  1.71658099e-02  1.70880198e+00 -3.46845426e-02 -8.22862796e-03  1.17675425e-03]
  [ 8.34691405e-01  7.53502920e-03 -7.94414780e-04  1.36848411e-03  7.35191721e-03 -5.98494709e-03  1.25222784e-02 -1.06975168e-03  1.10854693e-02  4.69514996e-01  2.00982541e-02 -7.00246543e-03
   -2.90128193e-03  5.41240275e-01  2.46093981e-02  2.94684898e-04  2.64885719e-03 -6.60594031e-02  9.17151570e-03 -9.25606582e-03 -3.86778265e-05 -8.42456594e-02  4.42694873e-01  4.26688045e-02
    7.96073303e-03  8.13147053e-04  4.59492594e-01 -6.02700338e-02  3.14004510e-03 -1.33245857e-03  2.79144570e-03  7.69641995e-03 -6.53076638e-03  7.49004725e-03  7.33014941e-03  1.73638821e+00
   -5.68738431e-02 -5.92385232e-03  6.07759226e-04  7.76077092e-01 -3.59291583e-03 -2.46308860e-04  1.62299047e-03 -3.29694385e-03 -6.52035698e-03  1.28815249e-02 -6.65705535e-04  5.06412089e-02
    5.61769962e-01  1.97177324e-02 -6.90656155e-03 -2.74621788e-03  6.18868113e-01  3.76649573e-03  1.39267743e-03  2.03112396e-03  4.27473634e-02  1.74719989e-02 -7.95954932e-03  1.16283540e-04
   -8.67439061e-02  4.29277748e-01  4.12774123e-02  8.49223137e-03  8.65018694e-04  4.94422376e-01 -4.12945077e-02  2.53058039e-03 -1.17338961e-03 -7.82723259e-03  2.08040625e-02 -8.96892976e-03
    5.94931142e-03  2.73859464e-02  1.79039836e+00 -5.53946495e-02 -5.89160249e-03  5.91931399e-04  8.02675128e-01 -1.98276341e-03 -9.07158712e-04  1.76817481e-03  1.04650669e-02 -4.08726931e-03
    1.36423968e-02 -1.03091681e-03  3.83263826e-02  6.41352475e-01  2.00029630e-02 -6.98637217e-03 -2.79435283e-03  5.90672791e-01  3.92196141e-02  5.27189113e-04  2.00565718e-03 -2.10028123e-02
    2.47529559e-02 -8.54530744e-03  4.02844511e-04 -4.73583527e-02  3.19766521e-01  3.90539654e-02  7.92422518e-03  8.45627394e-04  4.76916015e-01 -6.67542964e-02  3.08581721e-03 -8.54960643e-04
    2.51559205e-02  1.79851055e-02 -5.62596740e-03  6.38752291e-03  1.81224793e-02  1.74620187e+00 -5.53374439e-02 -5.98818623e-03  4.36929287e-04]
  [ 7.70470440e-01  1.18762404e-02 -1.08710676e-03  1.69742526e-03  1.46444375e-03 -9.07168165e-03  1.09390318e-02 -3.62880668e-03  1.22645944e-02  5.03232896e-01  1.60737615e-02 -9.03312862e-03
   -2.69602356e-03  4.93474096e-01  2.31645703e-02 -8.67320923e-05  3.07080429e-03 -4.01514694e-02  9.72423702e-04 -9.74903814e-03 -8.51061195e-04 -7.29660317e-02  4.64279234e-01  2.70020198e-02
    5.91068342e-03  4.49250685e-04  4.43506658e-01 -5.68339154e-02  2.43766513e-03 -1.62573950e-03  4.52854903e-03 -1.41021311e-02 -3.89239611e-03  9.96172335e-03  3.55692208e-03  1.74193454e+00
   -3.82435769e-02 -4.97399457e-03  1.45834591e-03  7.04231918e-01 -5.38166612e-03 -6.58164383e-04  1.80769153e-03 -9.15611722e-03 -1.36948116e-02  1.14148948e-02 -3.12653929e-03  4.08794209e-02
    5.70796013e-01  1.55491158e-02 -9.12754238e-03 -2.53912667e-03  5.71571112e-01  7.67596811e-03  9.86272004e-04  2.32528895e-03  1.38840564e-02  1.69503428e-02 -7.89380725e-03 -5.67890704e-04
   -7.26390928e-02  4.64240372e-01  2.55995914e-02  7.55428337e-03  5.04379626e-04  4.75042045e-01 -4.84540388e-02  1.73687225e-03 -1.63641991e-03  3.00202845e-03 -1.79414451e-03 -6.05167262e-03
    7.59400800e-03  2.32110061e-02  1.78955209e+00 -3.74393836e-02 -4.68119234e-03  1.47265685e-03  7.32387185e-01  3.91833670e-03 -1.23226386e-03  1.81708857e-03  9.46702249e-03 -9.40110162e-03
    1.15767661e-02 -3.55707994e-03  3.56989950e-02  6.28095090e-01  1.58855356e-02 -8.77187401e-03 -2.60554347e-03  5.40818095e-01  3.71811241e-02  9.25655477e-05  1.74042687e-03 -5.97029738e-03
    2.71944441e-02 -8.59674998e-03 -2.30848324e-04 -3.88649851e-02  4.05305386e-01  2.36182660e-02  5.49218059e-03  4.79951734e-04  4.59780872e-01 -5.51740788e-02  2.41814484e-03 -1.27498154e-03
    1.01710064e-02 -4.91382927e-03 -2.79472442e-03  8.62742309e-03  1.97838545e-02  1.77100110e+00 -3.70053910e-02 -4.56506573e-03  1.24793476e-03]
  [ 7.53015816e-01  1.24542229e-02  4.43600714e-02  1.55149214e-03  1.71993906e-03 -8.72871652e-03  1.14492420e-02 -3.97862168e-05  1.87646188e-02  3.82728040e-01  1.77533198e-02 -9.68253985e-03
   -2.09432072e-03  5.13661861e-01  2.06107162e-02  1.97363086e-02  3.30513017e-03 -3.91725525e-02  4.82081436e-03 -8.81299563e-03  3.67822591e-04 -6.83686286e-02  3.83206785e-01  1.99716762e-02
    7.60454312e-03  4.15250659e-04  3.60869765e-01 -7.68071115e-02  6.24389052e-02 -1.33630726e-03  2.93956138e-04 -5.68419695e-03 -4.94854990e-03  7.68340472e-03  1.30437650e-02  1.47313941e+00
   -3.34394202e-02  7.12880306e-03  1.02043385e-03  7.02248335e-01 -4.72758338e-03  4.26251106e-02  1.80607114e-03 -7.17560668e-03 -9.09401849e-03  1.16889719e-02  2.63827271e-04  5.02023324e-02
    4.46861744e-01  1.72323287e-02 -9.66922194e-03 -1.96441147e-03  5.84594965e-01  9.47292894e-04  2.16945335e-02  2.51623034e-03  1.70271136e-02  1.60563383e-02 -7.25500286e-03  2.38176901e-04
   -7.39508197e-02  4.27623928e-01  1.78282727e-02  8.72801617e-03  4.75593028e-04  3.94974262e-01 -6.05014116e-02  6.24817051e-02 -1.24167511e-03 -3.40711465e-03  5.37300110e-03 -7.97875226e-03
    6.00716611e-03  3.04277316e-02  1.48937571e+00 -3.04834023e-02  7.30208308e-03  9.57445009e-04  7.24661946e-01  1.92169659e-03  4.41285633e-02  1.91131653e-03  7.71420915e-03 -6.43732026e-03
    1.23800281e-02 -5.78509644e-05  2.86029838e-02  5.05278111e-01  1.77801400e-02 -9.54693928e-03 -2.00453983e-03  5.51585555e-01  3.59389819e-02  2.04663631e-02  2.21895287e-03 -6.38437457e-03
    2.56948248e-02 -7.89810997e-03  7.37083144e-04 -3.21965218e-02  4.16017503e-01  1.38514824e-02  7.34913349e-03  4.44491161e-04  3.80755782e-01 -8.02982152e-02  6.55323863e-02 -8.69802199e-04
    3.31227016e-03 -8.80286098e-05 -4.55465214e-03  6.58630952e-03  2.14414075e-02  1.49707210e+00 -3.18127424e-02  7.29041547e-03  7.97225395e-04]
  [ 7.80912519e-01  1.75197665e-02  2.96494812e-02  9.46427928e-04  6.07036892e-03 -1.36933252e-02  2.26746015e-02  6.18941057e-03  1.88179687e-02  3.81050229e-01  3.33596133e-02 -1.63471848e-02
   -2.43887794e-03  3.52664322e-01  2.62951814e-02  1.31430356e-02  1.73163298e-03 -2.83429511e-02  5.31084277e-03 -2.41363002e-03  6.82357466e-04 -6.79980516e-02  3.07193041e-01  9.64836180e-02
    7.63791054e-03  5.28874225e-04  3.76033396e-01 -7.73059577e-02  4.46559675e-02  5.49658202e-04 -1.01095485e-03  2.41660550e-02  6.24549203e-03  4.13512159e-03  2.58603692e-02  1.44078016e+00
   -1.20078340e-01  1.43834576e-03 -2.20528920e-03  7.61309206e-01  1.82985142e-03  2.79524829e-02  1.33247790e-03 -6.17186539e-04 -1.03641227e-02  2.28282064e-02  6.31954195e-03  6.40439764e-02
    4.32234824e-01  3.31399590e-02 -1.62669383e-02 -2.31445674e-03  4.29040313e-01  7.41418079e-03  1.52821708e-02  9.09730094e-04  1.90051571e-02  1.15099354e-02 -1.00462511e-03  3.46691580e-04
   -8.19365084e-02  2.89936513e-01  9.62213725e-02  8.52345489e-03  5.81725617e-04  4.08389390e-01 -5.66755496e-02  4.46259119e-02  7.64716882e-04 -2.39198748e-03  3.31119597e-02  2.87973206e-03
    3.06015462e-03  4.19646353e-02  1.48847973e+00 -1.20776772e-01  1.49801560e-03 -2.28534220e-03  7.71861076e-01  7.81656802e-03  2.90130861e-02  1.48049858e-03  1.33786546e-02 -1.27431676e-02
    2.38119103e-02  6.15077559e-03  3.67508382e-02  4.75736052e-01  3.36306207e-02 -1.63402669e-02 -2.36319727e-03  3.74925703e-01  4.77444381e-02  1.38370702e-02  8.93436722e-04  1.20989326e-03
    2.56543346e-02 -1.66087691e-03  8.35289946e-04 -3.03199347e-02  2.31925011e-01  9.51561630e-02  7.55910017e-03  5.54253929e-04  3.96996111e-01 -8.37818757e-02  4.70645130e-02  1.14657218e-03
    2.85026804e-03  2.39853635e-02  5.79461316e-03  3.39913461e-03  3.05465758e-02  1.46201944e+00 -1.18924879e-01  1.38022564e-03 -2.42304965e-03]
  [ 8.91384482e-01  1.90232188e-01 -3.91470618e-04  1.22930971e-03  7.00662285e-03 -9.66910645e-03  1.86515585e-01  1.06840851e-02  1.81366764e-02  2.71576881e-01  4.25393507e-02 -1.11973137e-02
   -2.69956561e-03  3.95690233e-01  1.64814144e-01 -8.20888439e-04  3.69738741e-03 -2.77762040e-02  8.89467262e-03  6.42148182e-02  6.98782969e-05 -8.98114294e-02  2.60261953e-01  1.01145819e-01
    1.01226531e-02  1.98404305e-04  3.25188875e-01 -2.48688832e-02  6.79553114e-03  2.28193030e-03 -7.72482716e-03  4.91302870e-02  2.63671875e-01  1.65015552e-03  3.26557718e-02  1.28815556e+00
   -1.29669443e-01  1.88869182e-02 -4.57586721e-03  9.00831401e-01  1.71741530e-01 -1.43813435e-03  1.60622038e-03  4.41092998e-05 -8.31837952e-03  1.86811715e-01  1.07312901e-02  7.11945742e-02
    3.19800586e-01  4.21207249e-02 -1.10868514e-02 -2.58250767e-03  4.66541618e-01  1.06002107e-01  1.97892613e-03  2.61124596e-03  2.83979122e-02  1.57925095e-02  6.55565634e-02 -2.91142147e-04
   -1.06675573e-01  3.15106392e-01  9.96624008e-02  1.10369325e-02  2.43201852e-04  3.56685549e-01 -5.26868552e-03  6.38179993e-03  2.57599680e-03 -1.28715960e-02  5.52087575e-02  2.61271566e-01
    8.56162980e-04  5.22809699e-02  1.29892206e+00 -1.27593800e-01  1.89434215e-02 -4.62851254e-03  8.99062216e-01  1.71854585e-01 -1.39513728e-03  1.88721786e-03  1.31501835e-02 -1.00670196e-02
    1.88188612e-01  1.06712338e-02  4.35293317e-02  3.71801943e-01  4.31497060e-02 -1.12259835e-02 -2.59801792e-03  3.98848474e-01  1.67360798e-01  2.46285344e-04  2.47199740e-03  1.74489792e-03
    3.09526622e-02  6.55041486e-02  2.23873416e-04 -4.42493260e-02  3.31549734e-01  9.52665806e-02  1.00805461e-02  2.24997522e-04  3.45878780e-01 -4.72805873e-02  7.38754682e-03  3.00929649e-03
   -2.81995162e-03  4.61468548e-02  2.58381546e-01  1.00266747e-03  3.25155854e-02  1.31499350e+00 -1.27604067e-01  1.87819004e-02 -4.79830801e-03]]]